code_n, n_tries,          qber,        f_mean,  c_iters_mean,  n_iters_mean,             R,  pass/s_n,  kost/p_n,   p_n_max,   correct/k_n,   discl_n,           FER 
10000,       200,      0.000250,    0.98997242,   12.81025641,   24.55500000,    0.97268117,         4,       730,         0,       9999950,        33,    0.02500000
10000,       200,      0.000500,    1.13626612,   26.13440860,   57.66000000,    1.10911255,         4,       730,         0,       9999850,        70,    0.07000000
10000,       200,      0.000750,    1.19512188,   28.81443299,   89.29500000,    1.18813856,         4,       730,         0,       9999940,       105,    0.03000000
10000,       200,      0.001000,    1.13173448,   30.88442211,  109.01000000,    1.13098475,         4,       730,         0,       9999990,       129,    0.00500000
10000,       200,      0.001250,    1.09676787,   31.36868687,  125.74500000,    1.09521777,         4,       730,         0,       9999980,       151,    0.01000000
10000,       200,      0.001500,    1.13571915,   34.56060606,  154.18500000,    1.13471083,         4,       730,         0,       9999980,       184,    0.01000000
10000,       200,      0.001750,    1.15478160,   37.68367347,  181.77500000,    1.15265659,         4,       730,         0,       9999960,       214,    0.02000000
10000,       200,      0.002000,    1.14297435,   38.22110553,  198.80500000,    1.14256839,         4,       730,         0,       9999990,       237,    0.00500000
10000,       200,      0.002250,    1.15893723,   38.34010152,  223.60000000,    1.15759531,         4,       730,         0,       9999970,       266,    0.01500000
10000,       200,      0.002500,    1.14123752,   38.91919192,  238.53500000,    1.14055422,         4,       730,         0,       9999980,       287,    0.01000000
10000,       200,      0.030250,    1.21841620,   35.67839196, 1819.76500000,    1.21842448,         4,       730,         0,       9999990,      2383,    0.00500000
10000,       200,      0.002750,    1.15388878,   40.43654822,  263.29500000,    1.15273871,         4,       730,         0,       9999970,       315,    0.01500000
10000,       200,      0.003000,    1.14185648,   38.93969849,  278.35000000,    1.14159452,         4,       730,         0,       9999990,       336,    0.00500000
10000,       200,      0.003250,    1.13387857,   39.92500000,  294.66500000,    1.13387857,         4,       730,         0,      10000000,       357,    0.00000000
10000,       200,      0.003500,    1.14443027,   41.83919598,  319.33500000,    1.14405116,         4,       730,         0,       9999990,       384,    0.00500000
10000,       200,      0.003750,    1.16162463,   39.73500000,  342.78000000,    1.16162463,         4,       730,         0,      10000000,       413,    0.00000000
10000,       200,      0.004000,    1.15324712,   40.82828283,  357.67000000,    1.15274533,         4,       730,         0,       9999980,       433,    0.01000000
10000,       200,      0.004250,    1.14442291,   39.81909548,  371.10500000,    1.14419304,         4,       730,         0,       9999990,       453,    0.00500000
10000,       200,      0.004500,    1.15255794,   40.48500000,  393.99000000,    1.15255794,         4,       730,         0,      10000000,       478,    0.00000000
10000,       200,      0.030500,    1.22025310,   35.70000000, 1835.59500000,    1.22025310,         4,       730,         0,      10000000,      2402,    0.00000000
10000,       200,      0.004750,    1.16261208,   41.80904523,  415.62500000,    1.16247766,         4,       730,         0,       9999990,       505,    0.00500000
10000,       200,      0.005000,    1.15417677,   41.24623116,  429.03000000,    1.15389970,         4,       730,         0,       9999990,       524,    0.00500000
10000,       200,      0.005250,    1.14406071,   40.79396985,  443.21000000,    1.14386720,         4,       730,         0,       9999990,       541,    0.00500000
10000,       200,      0.005500,    1.15359219,   38.86294416,  463.28000000,    1.15311829,         4,       730,         0,       9999970,       567,    0.01500000
10000,       200,      0.005750,    1.16095442,   40.23618090,  484.77000000,    1.16084834,         4,       730,         0,       9999990,       592,    0.00500000
10000,       200,      0.006000,    1.15627571,   38.64824121,  497.72500000,    1.15606930,         4,       730,         0,       9999990,       611,    0.00500000
10000,       200,      0.030750,    1.22233235,   35.98500000, 1849.92000000,    1.22233235,         4,       730,         0,      10000000,      2421,    0.00000000
10000,       200,      0.060250,    1.26305074,   32.91000000, 3028.32000000,    1.26305074,         4,       730,         0,      10000000,      4148,    0.00000000
10000,       200,      0.006250,    1.15117338,   39.02500000,  512.27500000,    1.15117338,         4,       730,         0,      10000000,       630,    0.00000000
10000,       200,      0.006500,    1.16026182,   39.10000000,  533.38000000,    1.16026182,         4,       730,         0,      10000000,       656,    0.00000000
10000,       200,      0.006750,    1.16887458,   40.41500000,  555.37500000,    1.16887458,         4,       730,         0,      10000000,       682,    0.00000000
10000,       200,      0.007000,    1.16051464,   39.56500000,  568.31000000,    1.16051464,         4,       730,         0,      10000000,       698,    0.00000000
10000,       200,      0.007250,    1.15954133,   39.50753769,  581.31000000,    1.15945762,         4,       730,         0,       9999990,       718,    0.00500000
10000,       200,      0.031000,    1.22179863,   35.77500000, 1859.05000000,    1.22179863,         4,       730,         0,      10000000,      2436,    0.00000000
10000,       200,      0.007500,    1.16678122,   39.49246231,  602.40000000,    1.16665970,         4,       730,         0,       9999990,       743,    0.00500000
10000,       200,      0.007750,    1.17400309,   40.21000000,  622.70500000,    1.17400309,         4,       730,         0,      10000000,       768,    0.00000000
10000,       200,      0.008000,    1.16836054,   40.43000000,  635.39000000,    1.16836054,         4,       730,         0,      10000000,       785,    0.00000000
10000,       200,      0.008250,    1.16386607,   39.38693467,  646.46500000,    1.16377516,         4,       730,         0,       9999990,       802,    0.00500000
10000,       200,      0.008500,    1.16990296,   39.94000000,  666.84500000,    1.16990296,         4,       730,         0,      10000000,       826,    0.00000000
10000,       200,      0.031250,    1.22058949,   35.14000000, 1865.77500000,    1.22058949,         4,       730,         0,      10000000,      2448,    0.00000000
10000,       200,      0.008750,    1.17411720,   39.64000000,  687.91500000,    1.17411720,         4,       730,         0,      10000000,       849,    0.00000000
10000,       200,      0.009000,    1.17129023,   39.62500000,  698.79000000,    1.17129023,         4,       730,         0,      10000000,       867,    0.00000000
10000,       200,      0.009250,    1.17461916,   39.90954774,  717.06000000,    1.17455902,         4,       730,         0,       9999990,       890,    0.00500000
10000,       200,      0.009500,    1.17353574,   39.64000000,  730.02000000,    1.17353574,         4,       730,         0,      10000000,       909,    0.00000000
10000,       200,      0.060500,    1.26452773,   32.61500000, 3041.69000000,    1.26452773,         4,       730,         0,      10000000,      4165,    0.00000000
10000,       200,      0.031500,    1.22091176,   35.11000000, 1879.52500000,    1.22091176,         4,       730,         0,      10000000,      2464,    0.00000000
10000,       200,      0.090250,    1.28657488,   30.96500000, 3949.24000000,    1.28657488,         4,       730,         0,      10000000,      5626,    0.00000000
10000,       200,      0.009750,    1.17587620,   40.02500000,  748.48500000,    1.17587620,         4,       730,         0,      10000000,       930,    0.00000000
10000,       200,      0.010000,    1.17281003,   40.64500000,  760.55000000,    1.17281003,         4,       730,         0,      10000000,       947,    0.00000000
10000,       200,      0.010250,    1.16788017,   40.45500000,  769.87000000,    1.16788017,         4,       730,         0,      10000000,       962,    0.00000000
10000,       200,      0.010500,    1.17083098,   40.02020202,  789.39500000,    1.17066984,         4,       730,         0,       9999980,       984,    0.01000000
10000,       200,      0.031750,    1.22333558,   35.50500000, 1895.51500000,    1.22333558,         4,       730,         0,      10000000,      2484,    0.00000000
10000,       200,      0.010750,    1.17424123,   39.40500000,  805.62000000,    1.17424123,         4,       730,         0,      10000000,      1006,    0.00000000
10000,       200,      0.011000,    1.17196050,   39.12500000,  817.73000000,    1.17196050,         4,       730,         0,      10000000,      1023,    0.00000000
10000,       200,      0.011250,    1.16742191,   38.19500000,  826.66000000,    1.16742191,         4,       730,         0,      10000000,      1038,    0.00000000
10000,       200,      0.011500,    1.17150209,   37.98994975,  846.07500000,    1.17142396,         4,       730,         0,       9999990,      1061,    0.00500000
10000,       200,      0.032000,    1.22267908,   35.64000000, 1902.23500000,    1.22267908,         4,       730,         0,      10000000,      2498,    0.00000000
10000,       200,      0.011750,    1.17699822,   38.89949749,  865.92000000,    1.17692774,         4,       730,         0,       9999990,      1084,    0.00500000
10000,       200,      0.012000,    1.17464528,   37.57286432,  876.48500000,    1.17457832,         4,       730,         0,       9999990,      1101,    0.00500000
10000,       200,      0.012250,    1.17148969,   37.85427136,  889.11000000,    1.17141528,         4,       730,         0,       9999990,      1117,    0.00500000
10000,       200,      0.060750,    1.26592024,   32.61000000, 3053.79000000,    1.26592024,         4,       730,         0,      10000000,      4182,    0.00000000
10000,       200,      0.032250,    1.22249045,   35.39500000, 1912.86500000,    1.22249045,         4,       730,         0,      10000000,      2512,    0.00000000
10000,       200,      0.012500,    1.17677512,   37.64500000,  906.82000000,    1.17677512,         4,       730,         0,      10000000,      1140,    0.00000000
10000,       200,      0.012750,    1.18222329,   37.67500000,  926.69000000,    1.18222329,         4,       730,         0,      10000000,      1164,    0.00000000
10000,       200,      0.013000,    1.18077961,   38.43216080,  937.74000000,    1.18078087,         4,       730,         0,       9999990,      1181,    0.00500000
10000,       200,      0.120250,    1.33356993,   27.31658291, 4836.88000000,    1.33355391,         4,       730,         0,       9999990,      7068,    0.00500000
10000,       200,      0.013250,    1.17854943,   37.70500000,  949.88000000,    1.17854943,         4,       730,         0,      10000000,      1197,    0.00000000
10000,       200,      0.032500,    1.22352049,   35.93500000, 1924.97500000,    1.22352049,         4,       730,         0,      10000000,      2529,    0.00000000
10000,       200,      0.013500,    1.18186657,   37.53000000,  967.58500000,    1.18186657,         4,       730,         0,      10000000,      1219,    0.00000000
10000,       200,      0.013750,    1.18832241,   38.78000000,  987.60000000,    1.18832241,         4,       730,         0,      10000000,      1244,    0.00000000
10000,       200,      0.014000,    1.18397246,   37.54773869,  998.27000000,    1.18399950,         4,       730,         0,       9999990,      1258,    0.00500000
10000,       200,      0.032750,    1.22534855,   36.70500000, 1939.73500000,    1.22534855,         4,       730,         0,      10000000,      2548,    0.00000000
10000,       200,      0.014250,    1.18326179,   38.15500000, 1008.61500000,    1.18326179,         4,       730,         0,      10000000,      1275,    0.00000000
10000,       200,      0.014500,    1.18705397,   38.39698492, 1026.68000000,    1.18694968,         4,       730,         0,       9999990,      1297,    0.00500000
10000,       200,      0.090500,    1.28648933,   30.44500000, 3957.58000000,    1.28648933,         4,       730,         0,      10000000,      5636,    0.00000000
10000,       200,      0.061000,    1.26418889,   32.45500000, 3057.54500000,    1.26418889,         4,       730,         0,      10000000,      4189,    0.00000000
10000,       200,      0.014750,    1.19137070,   37.70000000, 1044.61500000,    1.19137070,         4,       730,         0,      10000000,      1320,    0.00000000
10000,       200,      0.033000,    1.22528637,   36.31500000, 1948.55000000,    1.22528637,         4,       730,         0,      10000000,      2563,    0.00000000
10000,       200,      0.015000,    1.18904115,   38.85427136, 1055.88500000,    1.18893428,         4,       730,         0,       9999990,      1336,    0.00500000
10000,       200,      0.015250,    1.18742535,   38.46500000, 1067.08500000,    1.18742535,         4,       730,         0,      10000000,      1352,    0.00000000
10000,       200,      0.033250,    1.22373544,   35.57286432, 1957.13000000,    1.22370884,         4,       730,         0,       9999990,      2575,    0.00500000
10000,       200,      0.015500,    1.19141769,   38.35000000, 1084.50500000,    1.19141769,         4,       730,         0,      10000000,      1374,    0.00000000
10000,       200,      0.015750,    1.19292091,   38.87939698, 1101.89000000,    1.19277944,         4,       730,         0,       9999990,      1394,    0.00500000
10000,       200,      0.016000,    1.19182920,   38.06000000, 1111.53000000,    1.19182920,         4,       730,         0,      10000000,      1410,    0.00000000
10000,       200,      0.033500,    1.22510208,   36.24000000, 1970.94500000,    1.22510208,         4,       730,         0,      10000000,      2592,    0.00000000
10000,       200,      0.016250,    1.19020010,   38.58000000, 1122.25000000,    1.19020010,         4,       730,         0,      10000000,      1426,    0.00000000
10000,       200,      0.016500,    1.19225461,   38.51515152, 1137.11000000,    1.19209532,         4,       730,         0,       9999980,      1446,    0.01000000
10000,       200,      0.061250,    1.26435714,   32.46000000, 3064.56000000,    1.26435714,         4,       730,         0,      10000000,      4202,    0.00000000
10000,       200,      0.016750,    1.19608692,   38.20304569, 1156.47500000,    1.19603104,         4,       730,         0,       9999970,      1468,    0.01500000
10000,       200,      0.033750,    1.22648373,   35.30500000, 1982.72500000,    1.22648373,         4,       730,         0,      10000000,      2610,    0.00000000
10000,       200,      0.017000,    1.19379859,   37.12060302, 1166.22000000,    1.19376935,         4,       730,         0,       9999990,      1483,    0.00500000
10000,       200,      0.017250,    1.19710733,   38.33333333, 1182.63000000,    1.19693738,         4,       730,         0,       9999980,      1504,    0.01000000
10000,       200,      0.034000,    1.22581984,   35.21608040, 1991.99000000,    1.22576116,         4,       730,         0,       9999990,      2624,    0.00500000
10000,       200,      0.017500,    1.19402515,   38.41708543, 1193.32500000,    1.19400012,         4,       730,         0,       9999990,      1518,    0.00500000
10000,       200,      0.017750,    1.19735919,   37.80500000, 1208.97000000,    1.19735919,         4,       730,         0,      10000000,      1539,    0.00000000
10000,       200,      0.018000,    1.19515672,   36.99497487, 1218.26500000,    1.19505520,         4,       730,         0,       9999990,      1554,    0.00500000
10000,       200,      0.034250,    1.22521329,   35.10500000, 1999.60000000,    1.22521329,         4,       730,         0,      10000000,      2637,    0.00000000
10000,       200,      0.061500,    1.26493681,   32.96000000, 3074.93000000,    1.26493681,         4,       730,         0,      10000000,      4216,    0.00000000
10000,       200,      0.090750,    1.28708835,   30.11557789, 3965.95000000,    1.28709984,         4,       730,         0,       9999990,      5649,    0.00500000
10000,       200,      0.018250,    1.19727781,   38.26500000, 1233.40500000,    1.19727781,         4,       730,         0,      10000000,      1574,    0.00000000
10000,       200,      0.018500,    1.19609373,   37.86500000, 1245.01000000,    1.19609373,         4,       730,         0,      10000000,      1590,    0.00000000
10000,       200,      0.034500,    1.22664787,   35.33500000, 2013.44500000,    1.22664787,         4,       730,         0,      10000000,      2655,    0.00000000
10000,       200,      0.018750,    1.19922132,   37.42000000, 1262.31500000,    1.19922132,         4,       730,         0,      10000000,      1611,    0.00000000
10000,       200,      0.019000,    1.19597097,   38.43500000, 1268.99000000,    1.19597097,         4,       730,         0,      10000000,      1623,    0.00000000
10000,       200,      0.034750,    1.22836899,   36.04000000, 2026.91500000,    1.22836899,         4,       730,         0,      10000000,      2673,    0.00000000
10000,       200,      0.120500,    1.33477169,   27.40000000, 4848.92000000,    1.33477169,         4,       730,         0,      10000000,      7084,    0.00000000
10000,       200,      0.019250,    1.19371160,   37.84422111, 1279.78500000,    1.19365375,         4,       730,         0,       9999990,      1637,    0.00500000
10000,       200,      0.019500,    1.19705900,   38.27000000, 1295.41000000,    1.19705900,         4,       730,         0,      10000000,      1659,    0.00000000
10000,       200,      0.061750,    1.26690673,   33.33500000, 3090.94000000,    1.26690673,         4,       730,         0,      10000000,      4235,    0.00000000
10000,       200,      0.019750,    1.19864700,   38.16000000, 1310.52000000,    1.19864700,         4,       730,         0,      10000000,      1678,    0.00000000
10000,       200,      0.035000,    1.22728340,   35.11000000, 2036.25000000,    1.22728340,         4,       730,         0,      10000000,      2686,    0.00000000
10000,       200,      0.020000,    1.19715675,   38.23000000, 1321.26500000,    1.19715675,         4,       730,         0,      10000000,      1693,    0.00000000
10000,       200,      0.020250,    1.19586736,   38.24000000, 1330.20000000,    1.19586736,         4,       730,         0,      10000000,      1708,    0.00000000
10000,       200,      0.035250,    1.22839424,   36.14500000, 2049.36000000,    1.22839424,         4,       730,         0,      10000000,      2703,    0.00000000
10000,       200,      0.020500,    1.19650909,   37.79500000, 1343.83000000,    1.19650909,         4,       730,         0,      10000000,      1725,    0.00000000
10000,       200,      0.020750,    1.19867579,   38.51500000, 1358.64500000,    1.19867579,         4,       730,         0,      10000000,      1745,    0.00000000
10000,       200,      0.035500,    1.22775652,   35.14000000, 2055.59500000,    1.22775652,         4,       730,         0,      10000000,      2716,    0.00000000
10000,       200,      0.091000,    1.28653002,   29.45500000, 3969.14500000,    1.28653002,         4,       730,         0,      10000000,      5658,    0.00000000
10000,       200,      0.062000,    1.26642680,   32.58291457, 3094.63500000,    1.26639436,         4,       730,         0,       9999990,      4246,    0.00500000
10000,       200,      0.021000,    1.19663416,   39.01500000, 1369.28000000,    1.19663416,         4,       730,         0,      10000000,      1759,    0.00000000
10000,       200,      0.021250,    1.19935172,   37.93434343, 1383.59000000,    1.19917740,         4,       730,         0,       9999980,      1779,    0.01000000
10000,       200,      0.035750,    1.22988679,   35.15500000, 2071.94000000,    1.22988679,         4,       730,         0,      10000000,      2735,    0.00000000
10000,       200,      0.021500,    1.19734877,   38.21000000, 1392.41000000,    1.19734877,         4,       730,         0,      10000000,      1793,    0.00000000
10000,       200,      0.021750,    1.19905401,   38.34000000, 1408.45000000,    1.19905401,         4,       730,         0,      10000000,      1812,    0.00000000
10000,       200,      0.036000,    1.22843836,   34.26500000, 2077.30000000,    1.22843836,         4,       730,         0,      10000000,      2747,    0.00000000
10000,       200,      0.022000,    1.19636921,   37.23000000, 1414.79000000,    1.19636921,         4,       730,         0,      10000000,      1824,    0.00000000
10000,       200,      0.022250,    1.19380374,   37.38500000, 1422.19000000,    1.19380374,         4,       730,         0,      10000000,      1837,    0.00000000
10000,       200,      0.062250,    1.26648402,   32.95500000, 3102.34500000,    1.26648402,         4,       730,         0,      10000000,      4259,    0.00000000
10000,       200,      0.036250,    1.23002840,   34.57500000, 2091.42500000,    1.23002840,         4,       730,         0,      10000000,      2765,    0.00000000
10000,       200,      0.022500,    1.19542456,   37.79500000, 1435.97000000,    1.19542456,         4,       730,         0,      10000000,      1855,    0.00000000
10000,       200,      0.022750,    1.19677077,   35.66500000, 1452.31500000,    1.19677077,         4,       730,         0,      10000000,      1874,    0.00000000
10000,       200,      0.036500,    1.22919778,   35.32500000, 2098.08500000,    1.22919778,         4,       730,         0,      10000000,      2778,    0.00000000
10000,       200,      0.023000,    1.19578551,   35.26000000, 1459.96500000,    1.19578551,         4,       730,         0,      10000000,      1888,    0.00000000
10000,       200,      0.023250,    1.19581058,   35.09000000, 1471.15000000,    1.19581058,         4,       730,         0,      10000000,      1905,    0.00000000
10000,       200,      0.091250,    1.28631163,   27.51500000, 3974.85500000,    1.28631163,         4,       730,         0,      10000000,      5667,    0.00000000
10000,       200,      0.036750,    1.23017631,   35.16582915, 2112.79500000,    1.23017674,         4,       730,         0,       9999990,      2794,    0.00500000
10000,       200,      0.062500,    1.26738983,   33.01500000, 3112.78000000,    1.26738983,         4,       730,         0,      10000000,      4274,    0.00000000
10000,       200,      0.023500,    1.19897062,   35.32000000, 1489.32500000,    1.19897062,         4,       730,         0,      10000000,      1926,    0.00000000
10000,       200,      0.120750,    1.33487640,   27.65000000, 4854.04000000,    1.33487640,         4,       730,         0,      10000000,      7095,    0.00000000
10000,       200,      0.023750,    1.20179559,   35.81500000, 1504.99500000,    1.20179559,         4,       730,         0,      10000000,      1946,    0.00000000
10000,       200,      0.037000,    1.22962458,   35.25252525, 2121.04000000,    1.22964201,         4,       730,         0,       9999980,      2808,    0.01000000
10000,       200,      0.024000,    1.20078092,   35.49246231, 1514.38500000,    1.20076432,         4,       730,         0,       9999990,      1961,    0.00500000
10000,       200,      0.024250,    1.20075064,   35.29145729, 1524.40000000,    1.20075855,         4,       730,         0,       9999990,      1977,    0.00500000
10000,       200,      0.037250,    1.23125232,   35.63000000, 2133.19500000,    1.23125232,         4,       730,         0,      10000000,      2826,    0.00000000
10000,       200,      0.024500,    1.20299812,   35.38071066, 1541.80000000,    1.20283150,         4,       730,         0,       9999970,      1997,    0.01500000
10000,       200,      0.062750,    1.26793847,   32.04000000, 3125.00500000,    1.26793847,         4,       730,         0,      10000000,      4289,    0.00000000
10000,       200,      0.024750,    1.20409190,   34.38000000, 1553.90000000,    1.20409190,         4,       730,         0,      10000000,      2014,    0.00000000
10000,       200,      0.037500,    1.23024817,   35.35000000, 2141.30500000,    1.23024817,         4,       730,         0,      10000000,      2838,    0.00000000
10000,       200,      0.025000,    1.20408146,   35.04500000, 1564.81500000,    1.20408146,         4,       730,         0,      10000000,      2030,    0.00000000
10000,       200,      0.025250,    1.20720950,   35.49000000, 1583.02000000,    1.20720950,         4,       730,         0,      10000000,      2052,    0.00000000
10000,       200,      0.037750,    1.23182693,   35.25500000, 2154.35000000,    1.23182693,         4,       730,         0,      10000000,      2856,    0.00000000
10000,       200,      0.091500,    1.28714037,   27.76000000, 3984.17000000,    1.28714037,         4,       730,         0,      10000000,      5682,    0.00000000
10000,       200,      0.025500,    1.20644183,   35.28000000, 1591.59000000,    1.20644183,         4,       730,         0,      10000000,      2066,    0.00000000
10000,       200,      0.063000,    1.26777338,   32.74500000, 3130.80000000,    1.26777338,         4,       730,         0,      10000000,      4300,    0.00000000
10000,       200,      0.025750,    1.20882093,   35.21105528, 1607.41500000,    1.20876147,         4,       730,         0,       9999990,      2086,    0.00500000
10000,       200,      0.038000,    1.23060067,   35.84924623, 2160.95000000,    1.23064173,         4,       730,         0,       9999990,      2867,    0.00500000
10000,       200,      0.026000,    1.20852107,   35.24000000, 1616.82500000,    1.20852107,         4,       730,         0,      10000000,      2101,    0.00000000
10000,       200,      0.026250,    1.20684685,   35.76884422, 1626.63000000,    1.20683354,         4,       730,         0,       9999990,      2114,    0.00500000
10000,       200,      0.038250,    1.23233983,   35.19000000, 2177.26500000,    1.23233983,         4,       730,         0,      10000000,      2886,    0.00000000
10000,       200,      0.026500,    1.20912766,   35.06030151, 1640.28000000,    1.20906705,         4,       730,         0,       9999990,      2134,    0.00500000
10000,       200,      0.063250,    1.26770751,   32.76000000, 3137.91000000,    1.26770751,         4,       730,         0,      10000000,      4312,    0.00000000
10000,       200,      0.038500,    1.23091126,   34.82000000, 2182.22000000,    1.23091126,         4,       730,         0,      10000000,      2897,    0.00000000
10000,       200,      0.026750,    1.21212959,   35.55500000, 1657.43000000,    1.21212959,         4,       730,         0,      10000000,      2155,    0.00000000
10000,       200,      0.027000,    1.21061833,   35.38500000, 1666.41500000,    1.21061833,         4,       730,         0,      10000000,      2168,    0.00000000
10000,       200,      0.121000,    1.33511823,   27.85000000, 4860.88000000,    1.33511823,         4,       730,         0,      10000000,      7105,    0.00000000
10000,       200,      0.038750,    1.23231875,   35.10000000, 2195.82000000,    1.23231875,         4,       730,         0,      10000000,      2914,    0.00000000
10000,       200,      0.027250,    1.21065980,   35.96984925, 1676.02000000,    1.21060958,         4,       730,         0,       9999990,      2184,    0.00500000
10000,       200,      0.091750,    1.28838405,   27.52000000, 3996.32000000,    1.28838405,         4,       730,         0,      10000000,      5698,    0.00000000
10000,       200,      0.027500,    1.21202431,   35.12000000, 1690.19000000,    1.21202431,         4,       730,         0,      10000000,      2202,    0.00000000
10000,       200,      0.039000,    1.23217051,   35.60000000, 2202.72500000,    1.23217051,         4,       730,         0,      10000000,      2928,    0.00000000
10000,       200,      0.063500,    1.26788655,   32.58500000, 3147.83500000,    1.26788655,         4,       730,         0,      10000000,      4325,    0.00000000
10000,       200,      0.027750,    1.21503255,   35.67839196, 1706.19000000,    1.21499905,         4,       730,         0,       9999990,      2223,    0.00500000
10000,       200,      0.028000,    1.21321654,   36.02500000, 1715.48000000,    1.21321654,         4,       730,         0,      10000000,      2235,    0.00000000
10000,       200,      0.039250,    1.23221838,   35.67336683, 2213.95000000,    1.23217428,         4,       730,         0,       9999990,      2943,    0.00500000
10000,       200,      0.028250,    1.21362270,   35.86000000, 1726.73500000,    1.21362270,         4,       730,         0,      10000000,      2251,    0.00000000
10000,       200,      0.039500,    1.23125069,   35.42500000, 2219.94000000,    1.23125069,         4,       730,         0,      10000000,      2954,    0.00000000
10000,       200,      0.028500,    1.21535077,   35.40500000, 1739.43000000,    1.21535077,         4,       730,         0,      10000000,      2270,    0.00000000
10000,       200,      0.063750,    1.26908727,   32.18500000, 3158.24000000,    1.26908727,         4,       730,         0,      10000000,      4342,    0.00000000
10000,       200,      0.028750,    1.21693028,   35.89000000, 1754.85000000,    1.21693028,         4,       730,         0,      10000000,      2288,    0.00000000
10000,       200,      0.039750,    1.23235929,   35.05000000, 2232.77000000,    1.23235929,         4,       730,         0,      10000000,      2971,    0.00000000
10000,       200,      0.029000,    1.21630208,   36.04522613, 1763.10000000,    1.21631240,         4,       730,         0,       9999990,      2303,    0.00500000
10000,       200,      0.092000,    1.28850123,   27.28000000, 4000.48500000,    1.28850123,         4,       730,         0,      10000000,      5709,    0.00000000
10000,       200,      0.029250,    1.21546315,   35.61306533, 1771.88500000,    1.21547397,         4,       730,         0,       9999990,      2316,    0.00500000
10000,       200,      0.040000,    1.23113947,   35.20603015, 2240.82500000,    1.23109004,         4,       730,         0,       9999990,      2982,    0.00500000
10000,       200,      0.064000,    1.26838952,   32.49000000, 3163.13500000,    1.26838952,         4,       730,         0,      10000000,      4352,    0.00000000
10000,       200,      0.029500,    1.21815589,   35.55500000, 1787.37500000,    1.21815589,         4,       730,         0,      10000000,      2337,    0.00000000
10000,       200,      0.040250,    1.23253935,   34.79500000, 2253.46000000,    1.23253935,         4,       730,         0,      10000000,      3000,    0.00000000
10000,       200,      0.029750,    1.21916323,   35.49500000, 1802.65000000,    1.21916323,         4,       730,         0,      10000000,      2354,    0.00000000
10000,       200,      0.121250,    1.33542628,   27.32000000, 4867.06500000,    1.33542628,         4,       730,         0,      10000000,      7117,    0.00000000
10000,       200,      0.030000,    1.21896052,   35.72500000, 1812.56000000,    1.21896052,         4,       730,         0,      10000000,      2369,    0.00000000
10000,       200,      0.040500,    1.23151938,   35.63500000, 2260.05000000,    1.23151938,         4,       730,         0,      10000000,      3012,    0.00000000
10000,       200,      0.064250,    1.26860072,   32.11500000, 3170.12500000,    1.26860072,         4,       730,         0,      10000000,      4365,    0.00000000
10000,       200,      0.040750,    1.23309457,   35.69500000, 2271.96500000,    1.23309457,         4,       730,         0,      10000000,      3029,    0.00000000
10000,       200,      0.092250,    1.28795322,   27.70500000, 4005.68500000,    1.28795322,         4,       730,         0,      10000000,      5717,    0.00000000
10000,       200,      0.041000,    1.23153945,   35.35000000, 2278.16000000,    1.23153945,         4,       730,         0,      10000000,      3040,    0.00000000
10000,       200,      0.064500,    1.26962771,   32.14500000, 3183.91500000,    1.26962771,         4,       730,         0,      10000000,      4380,    0.00000000
10000,       200,      0.041250,    1.23321024,   34.50251256, 2291.32500000,    1.23322780,         4,       730,         0,       9999990,      3058,    0.00500000
10000,       200,      0.041500,    1.23154430,   34.87000000, 2296.12000000,    1.23154430,         4,       730,         0,      10000000,      3068,    0.00000000
10000,       200,      0.064750,    1.27044205,   32.39000000, 3194.97000000,    1.27044205,         4,       730,         0,      10000000,      4395,    0.00000000
10000,       200,      0.041750,    1.23280617,   35.39500000, 2311.21000000,    1.23280617,         4,       730,         0,      10000000,      3085,    0.00000000
10000,       200,      0.092500,    1.28955469,   28.12060302, 4018.36000000,    1.28954298,         4,       730,         0,       9999990,      5735,    0.00500000
10000,       200,      0.042000,    1.23191967,   35.09500000, 2316.90000000,    1.23191967,         4,       730,         0,      10000000,      3096,    0.00000000
10000,       200,      0.121500,    1.33651701,   27.37000000, 4877.42000000,    1.33651701,         4,       730,         0,      10000000,      7132,    0.00000000
10000,       200,      0.042250,    1.23221631,   34.52500000, 2327.53000000,    1.23221631,         4,       730,         0,      10000000,      3111,    0.00000000
10000,       200,      0.065000,    1.27041145,   32.14000000, 3201.09000000,    1.27041145,         4,       730,         0,      10000000,      4408,    0.00000000
10000,       200,      0.042500,    1.23230155,   35.18090452, 2334.59500000,    1.23230233,         4,       730,         0,       9999990,      3125,    0.00500000
10000,       200,      0.042750,    1.23354252,   34.57500000, 2348.59500000,    1.23354252,         4,       730,         0,      10000000,      3142,    0.00000000
10000,       200,      0.065250,    1.26978882,   32.58291457, 3206.95000000,    1.26973977,         4,       730,         0,       9999990,      4418,    0.00500000
10000,       200,      0.092750,    1.29051616,   27.91500000, 4029.32000000,    1.29051616,         4,       730,         0,      10000000,      5750,    0.00000000
10000,       200,      0.043000,    1.23233015,   35.76000000, 2353.31000000,    1.23233015,         4,       730,         0,      10000000,      3153,    0.00000000
10000,       200,      0.043250,    1.23331395,   35.74500000, 2365.61500000,    1.23331395,         4,       730,         0,      10000000,      3169,    0.00000000
10000,       200,      0.065500,    1.27149906,   32.82000000, 3219.28000000,    1.27149906,         4,       730,         0,      10000000,      4436,    0.00000000
10000,       200,      0.043500,    1.23175234,   34.97000000, 2372.34500000,    1.23175234,         4,       730,         0,      10000000,      3179,    0.00000000
10000,       200,      0.121750,    1.33604156,   27.69000000, 4882.41000000,    1.33604156,         4,       730,         0,      10000000,      7139,    0.00000000
10000,       200,      0.043750,    1.23229266,   34.63819095, 2382.48000000,    1.23230334,         4,       730,         0,       9999990,      3194,    0.00500000
10000,       200,      0.065750,    1.27196640,   32.45500000, 3229.09500000,    1.27196640,         4,       730,         0,      10000000,      4450,    0.00000000
10000,       200,      0.093000,    1.29047632,   27.86500000, 4035.75000000,    1.29047632,         4,       730,         0,      10000000,      5760,    0.00000000
10000,       200,      0.044000,    1.23203015,   34.72500000, 2390.47500000,    1.23203015,         4,       730,         0,      10000000,      3207,    0.00000000
10000,       200,      0.044250,    1.23214699,   34.59296482, 2398.39000000,    1.23212892,         4,       730,         0,       9999990,      3221,    0.00500000
10000,       200,      0.066000,    1.27149300,   32.61500000, 3233.60000000,    1.27149300,         4,       730,         0,      10000000,      4460,    0.00000000
10000,       200,      0.044500,    1.23168841,   34.89000000, 2406.88500000,    1.23168841,         4,       730,         0,      10000000,      3233,    0.00000000
10000,       200,      0.093250,    1.29089585,   28.18500000, 4042.22000000,    1.29089585,         4,       730,         0,      10000000,      5773,    0.00000000
10000,       200,      0.044750,    1.23253965,   35.21000000, 2417.74000000,    1.23253965,         4,       730,         0,      10000000,      3249,    0.00000000
10000,       200,      0.066250,    1.27054277,   32.74000000, 3239.40000000,    1.27054277,         4,       730,         0,      10000000,      4469,    0.00000000
10000,       200,      0.045000,    1.23257590,   34.80000000, 2426.43000000,    1.23257590,         4,       730,         0,      10000000,      3263,    0.00000000
10000,       200,      0.122000,    1.33625722,   27.86000000, 4886.08000000,    1.33625722,         4,       730,         0,      10000000,      7150,    0.00000000
10000,       200,      0.045250,    1.23145370,   34.91500000, 2435.01500000,    1.23145370,         4,       730,         0,      10000000,      3274,    0.00000000
10000,       200,      0.066500,    1.27149516,   32.26130653, 3250.96500000,    1.27152369,         4,       730,         0,       9999990,      4484,    0.00500000
10000,       200,      0.045500,    1.23102649,   32.53500000, 2441.40500000,    1.23102649,         4,       730,         0,      10000000,      3286,    0.00000000
10000,       200,      0.093500,    1.29061945,   27.45000000, 4047.56500000,    1.29061945,         4,       730,         0,      10000000,      5782,    0.00000000
10000,       200,      0.066750,    1.27332593,   31.83000000, 3264.45500000,    1.27332593,         4,       730,         0,      10000000,      4503,    0.00000000
10000,       200,      0.045750,    1.23237497,   32.34500000, 2454.52000000,    1.23237497,         4,       730,         0,      10000000,      3303,    0.00000000
10000,       200,      0.046000,    1.23309776,   31.96500000, 2462.95500000,    1.23309776,         4,       730,         0,      10000000,      3318,    0.00000000
10000,       200,      0.067000,    1.27280576,   32.18500000, 3270.71500000,    1.27280576,         4,       730,         0,      10000000,      4513,    0.00000000
10000,       200,      0.046250,    1.23417005,   32.50500000, 2476.32500000,    1.23417005,         4,       730,         0,      10000000,      3335,    0.00000000
10000,       200,      0.122250,    1.33663398,   27.62500000, 4892.60500000,    1.33663398,         4,       730,         0,      10000000,      7161,    0.00000000
10000,       200,      0.093750,    1.29288129,   27.58000000, 4062.28500000,    1.29288129,         4,       730,         0,      10000000,      5803,    0.00000000
10000,       200,      0.046500,    1.23389415,   31.44000000, 2484.03500000,    1.23389415,         4,       730,         0,      10000000,      3348,    0.00000000
10000,       200,      0.067250,    1.27278954,   32.29648241, 3275.73000000,    1.27278991,         4,       730,         0,       9999990,      4525,    0.00500000
10000,       200,      0.046750,    1.23611656,   31.66500000, 2498.52000000,    1.23611656,         4,       730,         0,      10000000,      3367,    0.00000000
10000,       200,      0.047000,    1.23480046,   32.52500000, 2505.35000000,    1.23480046,         4,       730,         0,      10000000,      3377,    0.00000000
10000,       200,      0.067500,    1.27349073,   32.34673367, 3286.27000000,    1.27348470,         4,       730,         0,       9999990,      4540,    0.00500000
10000,       200,      0.047250,    1.23673035,   31.44000000, 2519.04000000,    1.23673035,         4,       730,         0,      10000000,      3396,    0.00000000
10000,       200,      0.094000,    1.29225814,   28.16000000, 4067.05500000,    1.29225814,         4,       730,         0,      10000000,      5811,    0.00000000
10000,       200,      0.047500,    1.23668493,   32.32160804, 2527.30000000,    1.23668801,         4,       730,         0,       9999990,      3409,    0.00500000
10000,       200,      0.067750,    1.27416552,   32.32500000, 3295.76500000,    1.27416552,         4,       730,         0,      10000000,      4554,    0.00000000
10000,       200,      0.122500,    1.33689348,   27.26500000, 4898.49500000,    1.33689348,         4,       730,         0,      10000000,      7172,    0.00000000
10000,       200,      0.047750,    1.23928895,   32.08500000, 2541.87000000,    1.23928895,         4,       730,         0,      10000000,      3429,    0.00000000
10000,       200,      0.048000,    1.23784742,   32.03500000, 2547.23000000,    1.23784742,         4,       730,         0,      10000000,      3439,    0.00000000
10000,       200,      0.068000,    1.27325471,   31.53000000, 3301.54000000,    1.27325471,         4,       730,         0,      10000000,      4563,    0.00000000
10000,       200,      0.094250,    1.29215194,   27.86500000, 4071.13000000,    1.29215194,         4,       730,         0,      10000000,      5821,    0.00000000
10000,       200,      0.048250,    1.24029971,   31.52000000, 2563.39500000,    1.24029971,         4,       730,         0,      10000000,      3459,    0.00000000
10000,       200,      0.048500,    1.24004177,   33.03000000, 2570.00000000,    1.24004177,         4,       730,         0,      10000000,      3472,    0.00000000
10000,       200,      0.068250,    1.27333301,   31.84422111, 3308.74500000,    1.27331098,         4,       730,         0,       9999990,      4575,    0.00500000
10000,       200,      0.048750,    1.24087069,   32.33000000, 2583.63000000,    1.24087069,         4,       730,         0,      10000000,      3487,    0.00000000
10000,       200,      0.094500,    1.29347277,   27.34000000, 4083.63000000,    1.29347277,         4,       730,         0,      10000000,      5837,    0.00000000
10000,       200,      0.068500,    1.27394927,   31.35500000, 3318.05000000,    1.27394927,         4,       730,         0,      10000000,      4590,    0.00000000
10000,       200,      0.122750,    1.33782451,   27.96500000, 4909.98500000,    1.33782451,         4,       730,         0,      10000000,      7186,    0.00000000
10000,       200,      0.049000,    1.24073247,   32.02500000, 2590.52500000,    1.24073247,         4,       730,         0,      10000000,      3500,    0.00000000
10000,       200,      0.049250,    1.24175489,   31.81500000, 2602.68000000,    1.24175489,         4,       730,         0,      10000000,      3516,    0.00000000
10000,       200,      0.068750,    1.27560656,   31.42713568, 3333.07500000,    1.27562453,         4,       730,         0,       9999990,      4608,    0.00500000
10000,       200,      0.049500,    1.24210601,   32.34673367, 2609.83000000,    1.24207624,         4,       730,         0,       9999990,      3530,    0.00500000
10000,       200,      0.094750,    1.29311372,   27.47738693, 4089.35500000,    1.29307442,         4,       730,         0,       9999990,      5846,    0.00500000
10000,       200,      0.049750,    1.24383710,   31.94974874, 2624.97500000,    1.24380014,         4,       730,         0,       9999990,      3549,    0.00500000
10000,       200,      0.069000,    1.27543924,   31.91000000, 3337.39500000,    1.27543924,         4,       730,         0,      10000000,      4619,    0.00000000
10000,       200,      0.050000,    1.24311726,   31.65500000, 2631.25000000,    1.24311726,         4,       730,         0,      10000000,      3560,    0.00000000
10000,       200,      0.123000,    1.33745757,   27.51000000, 4912.49500000,    1.33745757,         4,       730,         0,      10000000,      7194,    0.00000000
10000,       200,      0.050250,    1.24524630,   31.82500000, 2645.56000000,    1.24524630,         4,       730,         0,      10000000,      3579,    0.00000000
10000,       200,      0.069250,    1.27569635,   31.34000000, 3346.29000000,    1.27569635,         4,       730,         0,      10000000,      4632,    0.00000000
10000,       200,      0.095000,    1.29457920,   27.39500000, 4100.70000000,    1.29457920,         4,       730,         0,      10000000,      5863,    0.00000000
10000,       200,      0.050500,    1.24456559,   32.26500000, 2653.78500000,    1.24456559,         4,       730,         0,      10000000,      3590,    0.00000000
10000,       200,      0.069500,    1.27498554,   31.84924623, 3349.61000000,    1.27497778,         4,       730,         0,       9999990,      4641,    0.00500000
10000,       200,      0.050750,    1.24571958,   32.35500000, 2665.28500000,    1.24571958,         4,       730,         0,      10000000,      3607,    0.00000000
10000,       200,      0.051000,    1.24555021,   31.50500000, 2672.94000000,    1.24555021,         4,       730,         0,      10000000,      3619,    0.00000000
10000,       200,      0.069750,    1.27538560,   31.33500000, 3361.03000000,    1.27538560,         4,       730,         0,      10000000,      4655,    0.00000000
10000,       200,      0.095250,    1.29425129,   27.74500000, 4104.73000000,    1.29425129,         4,       730,         0,      10000000,      5872,    0.00000000
10000,       200,      0.051250,    1.24672709,   32.47500000, 2683.49500000,    1.24672709,         4,       730,         0,      10000000,      3636,    0.00000000
10000,       200,      0.123250,    1.33695073,   27.48500000, 4913.23500000,    1.33695073,         4,       730,         0,      10000000,      7201,    0.00000000
10000,       200,      0.051500,    1.24644816,   31.47000000, 2691.79000000,    1.24644816,         4,       730,         0,      10000000,      3648,    0.00000000
10000,       200,      0.070000,    1.27597929,   31.06000000, 3370.11000000,    1.27597929,         4,       730,         0,      10000000,      4669,    0.00000000
10000,       200,      0.051750,    1.24793715,   31.91000000, 2705.25000000,    1.24793715,         4,       730,         0,      10000000,      3666,    0.00000000
10000,       200,      0.095500,    1.29517268,   27.87500000, 4113.42000000,    1.29517268,         4,       730,         0,      10000000,      5887,    0.00000000
10000,       200,      0.070250,    1.27620269,   31.30000000, 3377.82500000,    1.27620269,         4,       730,         0,      10000000,      4681,    0.00000000
10000,       200,      0.052000,    1.24832609,   31.66500000, 2713.47500000,    1.24832609,         4,       730,         0,      10000000,      3680,    0.00000000
10000,       200,      0.052250,    1.24965608,   32.08585859, 2728.22500000,    1.24958014,         4,       730,         0,       9999980,      3697,    0.01000000
10000,       200,      0.070500,    1.27567082,   31.35175879, 3383.61000000,    1.27563581,         4,       730,         0,       9999990,      4691,    0.00500000
10000,       200,      0.052500,    1.24973469,   32.59296482, 2735.78000000,    1.24974689,         4,       730,         0,       9999990,      3710,    0.00500000
10000,       200,      0.123500,    1.33800475,   27.56500000, 4926.37500000,    1.33800475,         4,       730,         0,      10000000,      7216,    0.00000000
10000,       200,      0.095750,    1.29579181,   28.20000000, 4124.73500000,    1.29579181,         4,       730,         0,      10000000,      5900,    0.00000000
10000,       200,      0.052750,    1.25000901,   32.27500000, 2745.60000000,    1.25000901,         4,       730,         0,      10000000,      3724,    0.00000000
10000,       200,      0.070750,    1.27720285,   31.95000000, 3395.25500000,    1.27720285,         4,       730,         0,      10000000,      4709,    0.00000000
10000,       200,      0.053000,    1.25062801,   32.29000000, 2753.46000000,    1.25062801,         4,       730,         0,      10000000,      3739,    0.00000000
10000,       200,      0.071000,    1.27700290,   31.01500000, 3401.37000000,    1.27700290,         4,       730,         0,      10000000,      4720,    0.00000000
10000,       200,      0.053250,    1.25218360,   32.17085427, 2768.01000000,    1.25215007,         4,       730,         0,       9999990,      3757,    0.00500000
10000,       200,      0.096000,    1.29613111,   27.59500000, 4130.77000000,    1.29613111,         4,       730,         0,      10000000,      5912,    0.00000000
10000,       200,      0.053500,    1.25157994,   31.78000000, 2774.29000000,    1.25157994,         4,       730,         0,      10000000,      3768,    0.00000000
10000,       200,      0.123750,    1.33846738,   27.84000000, 4932.32500000,    1.33846738,         4,       730,         0,      10000000,      7228,    0.00000000
10000,       200,      0.071250,    1.27802570,   31.59000000, 3411.99500000,    1.27802570,         4,       730,         0,      10000000,      4735,    0.00000000
10000,       200,      0.053750,    1.25200417,   32.57500000, 2783.53000000,    1.25200417,         4,       730,         0,      10000000,      3782,    0.00000000
10000,       200,      0.054000,    1.25164506,   31.86934673, 2792.37500000,    1.25164608,         4,       730,         0,       9999990,      3794,    0.00500000
10000,       200,      0.096250,    1.29632117,   27.85500000, 4137.11500000,    1.29632117,         4,       730,         0,      10000000,      5924,    0.00000000
10000,       200,      0.071500,    1.27719073,   31.44500000, 3417.72000000,    1.27719073,         4,       730,         0,      10000000,      4744,    0.00000000
10000,       200,      0.054250,    1.25320608,   32.43500000, 2805.04500000,    1.25320608,         4,       730,         0,      10000000,      3812,    0.00000000
10000,       200,      0.071750,    1.27858921,   31.61000000, 3430.73000000,    1.27858921,         4,       730,         0,      10000000,      4761,    0.00000000
10000,       200,      0.054500,    1.25433320,   32.59090909, 2816.16500000,    1.25426474,         4,       730,         0,       9999980,      3828,    0.01000000
10000,       200,      0.096500,    1.29685753,   27.39500000, 4147.03500000,    1.29685753,         4,       730,         0,      10000000,      5937,    0.00000000
10000,       200,      0.124000,    1.33849806,   27.84422111, 4936.88000000,    1.33848980,         4,       730,         0,       9999990,      7237,    0.00500000
10000,       200,      0.054750,    1.25514841,   31.90954774, 2825.58500000,    1.25508508,         4,       730,         0,       9999990,      3843,    0.00500000
10000,       200,      0.072000,    1.27753993,   31.42000000, 3432.61000000,    1.27753993,         4,       730,         0,      10000000,      4769,    0.00000000
10000,       200,      0.055000,    1.25357332,   33.19095477, 2829.82000000,    1.25357196,         4,       730,         0,       9999990,      3851,    0.00500000
10000,       200,      0.055250,    1.25570115,   32.13567839, 2845.11000000,    1.25566183,         4,       730,         0,       9999990,      3871,    0.00500000
10000,       200,      0.072250,    1.27796196,   31.32000000, 3442.96000000,    1.27796196,         4,       730,         0,      10000000,      4782,    0.00000000
10000,       200,      0.096750,    1.29828567,   28.32500000, 4159.04000000,    1.29828567,         4,       730,         0,      10000000,      5954,    0.00000000
10000,       200,      0.055500,    1.25504215,   32.24000000, 2850.05000000,    1.25504215,         4,       730,         0,      10000000,      3882,    0.00000000
10000,       200,      0.072500,    1.27832920,   31.51000000, 3449.09500000,    1.27832920,         4,       730,         0,      10000000,      4796,    0.00000000
10000,       200,      0.055750,    1.25709673,   32.53000000, 2867.24500000,    1.25709673,         4,       730,         0,      10000000,      3901,    0.00000000
10000,       200,      0.124250,    1.33817532,   27.76000000, 4938.62000000,    1.33817532,         4,       730,         0,      10000000,      7245,    0.00000000
10000,       200,      0.056000,    1.25636981,   32.34500000, 2871.80000000,    1.25636981,         4,       730,         0,      10000000,      3911,    0.00000000
10000,       200,      0.097000,    1.29801063,   27.48000000, 4163.23000000,    1.29801063,         4,       730,         0,      10000000,      5963,    0.00000000
10000,       200,      0.072750,    1.27957662,   31.45500000, 3461.53000000,    1.27957662,         4,       730,         0,      10000000,      4812,    0.00000000
10000,       200,      0.056250,    1.25773372,   32.55500000, 2884.85000000,    1.25773372,         4,       730,         0,      10000000,      3928,    0.00000000
10000,       200,      0.073000,    1.27914885,   31.54000000, 3465.65500000,    1.27914885,         4,       730,         0,      10000000,      4822,    0.00000000
10000,       200,      0.056500,    1.25582493,   32.44500000, 2887.65000000,    1.25582493,         4,       730,         0,      10000000,      3935,    0.00000000
10000,       200,      0.097250,    1.29911815,   28.09500000, 4171.76500000,    1.29911815,         4,       730,         0,      10000000,      5978,    0.00000000
10000,       200,      0.056750,    1.25820359,   32.65000000, 2901.87000000,    1.25820359,         4,       730,         0,      10000000,      3955,    0.00000000
10000,       200,      0.124500,    1.33925075,   27.81500000, 4950.87000000,    1.33925075,         4,       730,         0,      10000000,      7260,    0.00000000
10000,       200,      0.073250,    1.27965374,   31.55500000, 3477.28000000,    1.27965374,         4,       730,         0,      10000000,      4836,    0.00000000
10000,       200,      0.057000,    1.25815943,   32.20500000, 2909.47500000,    1.25815943,         4,       730,         0,      10000000,      3968,    0.00000000
10000,       200,      0.073500,    1.27880264,   31.35500000, 3480.76000000,    1.27880264,         4,       730,         0,      10000000,      4844,    0.00000000
10000,       200,      0.057250,    1.26032658,   32.17085427, 2924.12000000,    1.26035020,         4,       730,         0,       9999990,      3988,    0.00500000
10000,       200,      0.097500,    1.29830772,   27.45226131, 4176.54000000,    1.29832674,         4,       730,         0,       9999990,      5985,    0.00500000
10000,       200,      0.057500,    1.25905740,   32.48500000, 2929.75000000,    1.25905740,         4,       730,         0,      10000000,      3996,    0.00000000
10000,       200,      0.073750,    1.27952026,   31.11000000, 3490.16500000,    1.27952026,         4,       730,         0,      10000000,      4859,    0.00000000
10000,       200,      0.057750,    1.26004349,   32.41500000, 2940.58000000,    1.26004349,         4,       730,         0,      10000000,      4012,    0.00000000
10000,       200,      0.124750,    1.34030332,   27.59000000, 4962.00000000,    1.34030332,         4,       730,         0,      10000000,      7276,    0.00000000
10000,       200,      0.097750,    1.29968898,   27.72500000, 4188.25500000,    1.29968898,         4,       730,         0,      10000000,      6002,    0.00000000
10000,       200,      0.074000,    1.27909224,   31.19500000, 3496.20500000,    1.27909224,         4,       730,         0,      10000000,      4869,    0.00000000
10000,       200,      0.058000,    1.25949446,   32.39000000, 2946.50500000,    1.25949446,         4,       730,         0,      10000000,      4023,    0.00000000
10000,       200,      0.058250,    1.26073718,   32.04000000, 2960.14000000,    1.26073718,         4,       730,         0,      10000000,      4040,    0.00000000
10000,       200,      0.074250,    1.28027974,   31.43500000, 3506.38500000,    1.28027974,         4,       730,         0,      10000000,      4885,    0.00000000
10000,       200,      0.058500,    1.26047141,   32.12000000, 2964.93000000,    1.26047141,         4,       730,         0,      10000000,      4051,    0.00000000
10000,       200,      0.098000,    1.29953734,   27.47000000, 4192.96500000,    1.29953734,         4,       730,         0,      10000000,      6011,    0.00000000
10000,       200,      0.125000,    1.34044456,   27.67000000, 4966.18000000,    1.34044456,         4,       730,         0,      10000000,      7286,    0.00000000
10000,       200,      0.058750,    1.26163401,   32.77000000, 2977.30000000,    1.26163401,         4,       730,         0,      10000000,      4068,    0.00000000
10000,       200,      0.074500,    1.28002675,   31.13000000, 3512.06000000,    1.28002675,         4,       730,         0,      10000000,      4896,    0.00000000
10000,       200,      0.059000,    1.26155916,   32.15500000, 2983.67000000,    1.26155916,         4,       730,         0,      10000000,      4080,    0.00000000
10000,       200,      0.074750,    1.28024098,   30.73500000, 3522.50500000,    1.28024098,         4,       730,         0,      10000000,      4908,    0.00000000
10000,       200,      0.098250,    1.29976562,   28.17500000, 4200.42000000,    1.29976562,         4,       730,         0,      10000000,      6023,    0.00000000
10000,       200,      0.059250,    1.26184706,   31.60500000, 2995.19500000,    1.26184706,         4,       730,         0,      10000000,      4094,    0.00000000
10000,       200,      0.059500,    1.26200120,   31.44000000, 3002.27000000,    1.26200120,         4,       730,         0,      10000000,      4107,    0.00000000
10000,       200,      0.075000,    1.28003311,   31.12500000, 3527.31500000,    1.28003311,         4,       730,         0,      10000000,      4919,    0.00000000
10000,       200,      0.125250,    1.33937757,   27.42500000, 4966.77500000,    1.33937757,         4,       730,         0,      10000000,      7289,    0.00000000
10000,       200,      0.059750,    1.26336296,   32.48000000, 3015.27000000,    1.26336296,         4,       730,         0,      10000000,      4124,    0.00000000
10000,       200,      0.098500,    1.29950806,   27.34000000, 4204.61000000,    1.29950806,         4,       730,         0,      10000000,      6032,    0.00000000
10000,       200,      0.075250,    1.28163601,   31.36000000, 3541.08000000,    1.28163601,         4,       730,         0,      10000000,      4937,    0.00000000
10000,       200,      0.060000,    1.26358198,   31.83500000, 3024.53500000,    1.26358198,         4,       730,         0,      10000000,      4137,    0.00000000
10000,       200,      0.075500,    1.28029815,   31.08542714, 3541.55000000,    1.28031304,         4,       730,         0,       9999990,      4943,    0.00500000
10000,       200,      0.098750,    1.30154337,   27.72000000, 4220.44500000,    1.30154337,         4,       730,         0,      10000000,      6052,    0.00000000
10000,       200,      0.125500,    1.33950992,   28.25000000, 4970.88000000,    1.33950992,         4,       730,         0,      10000000,      7299,    0.00000000
10000,       200,      0.075750,    1.28145644,   31.50000000, 3554.54500000,    1.28145644,         4,       730,         0,      10000000,      4959,    0.00000000
10000,       200,      0.076000,    1.28160889,   31.35500000, 3559.69000000,    1.28160889,         4,       730,         0,      10000000,      4971,    0.00000000
10000,       200,      0.099000,    1.30150828,   27.66500000, 4223.65500000,    1.30150828,         4,       730,         0,      10000000,      6062,    0.00000000
10000,       200,      0.076250,    1.28177241,   31.37688442, 3567.70000000,    1.28173272,         4,       730,         0,       9999990,      4983,    0.00500000
10000,       200,      0.125750,    1.34100651,   27.55500000, 4984.42000000,    1.34100651,         4,       730,         0,      10000000,      7317,    0.00000000
10000,       200,      0.099250,    1.30149434,   27.88000000, 4230.95000000,    1.30149434,         4,       730,         0,      10000000,      6072,    0.00000000
10000,       200,      0.076500,    1.28088506,   31.18592965, 3572.77500000,    1.28084794,         4,       730,         0,       9999990,      4991,    0.00500000
10000,       200,      0.076750,    1.28200023,   31.32500000, 3583.78500000,    1.28200023,         4,       730,         0,      10000000,      5007,    0.00000000
10000,       200,      0.099500,    1.30249201,   28.07500000, 4240.96000000,    1.30249201,         4,       730,         0,      10000000,      6087,    0.00000000
10000,       200,      0.126000,    1.34120532,   27.77386935, 4988.88000000,    1.34120727,         4,       730,         0,       9999990,      7327,    0.00500000
10000,       200,      0.077000,    1.28173257,   30.48000000, 3589.23000000,    1.28173257,         4,       730,         0,      10000000,      5018,    0.00000000
10000,       200,      0.099750,    1.30308116,   27.56500000, 4250.06000000,    1.30308116,         4,       730,         0,      10000000,      6101,    0.00000000
10000,       200,      0.077250,    1.28249853,   31.28000000, 3598.71000000,    1.28249853,         4,       730,         0,      10000000,      5032,    0.00000000
10000,       200,      0.077500,    1.28203199,   30.64500000, 3604.34000000,    1.28203199,         4,       730,         0,      10000000,      5042,    0.00000000
10000,       200,      0.126250,    1.34059517,   28.08000000, 4990.90500000,    1.34059517,         4,       730,         0,      10000000,      7333,    0.00000000
10000,       200,      0.100000,    1.30285446,   27.29000000, 4255.33000000,    1.30285446,         4,       730,         0,      10000000,      6110,    0.00000000
10000,       200,      0.077750,    1.28334488,   31.11000000, 3614.96000000,    1.28334488,         4,       730,         0,      10000000,      5058,    0.00000000
10000,       200,      0.100250,    1.30484507,   28.10000000, 4270.00000000,    1.30484507,         4,       730,         0,      10000000,      6130,    0.00000000
10000,       200,      0.078000,    1.28286967,   31.31658291, 3619.62000000,    1.28289685,         4,       730,         0,       9999990,      5068,    0.00500000
10000,       200,      0.126500,    1.34183051,   27.78000000, 5003.02000000,    1.34183051,         4,       730,         0,      10000000,      7350,    0.00000000
10000,       200,      0.078250,    1.28321881,   31.77500000, 3630.32500000,    1.28321881,         4,       730,         0,      10000000,      5081,    0.00000000
10000,       200,      0.100500,    1.30395445,   27.28500000, 4271.13000000,    1.30395445,         4,       730,         0,      10000000,      6136,    0.00000000
10000,       200,      0.078500,    1.28239439,   31.47000000, 3632.46000000,    1.28239439,         4,       730,         0,      10000000,      5089,    0.00000000
10000,       200,      0.126750,    1.34215396,   27.56000000, 5009.14000000,    1.34215396,         4,       730,         0,      10000000,      7361,    0.00000000
10000,       200,      0.078750,    1.28288499,   31.08000000, 3641.79500000,    1.28288499,         4,       730,         0,      10000000,      5102,    0.00000000
10000,       200,      0.100750,    1.30481131,   27.44500000, 4279.47000000,    1.30481131,         4,       730,         0,      10000000,      6150,    0.00000000
10000,       200,      0.079000,    1.28301242,   31.48500000, 3647.67500000,    1.28301242,         4,       730,         0,      10000000,      5114,    0.00000000
10000,       200,      0.101000,    1.30491859,   27.89447236, 4287.19500000,    1.30490454,         4,       730,         0,       9999990,      6161,    0.00500000
10000,       200,      0.079250,    1.28340232,   31.60500000, 3657.59000000,    1.28340232,         4,       730,         0,      10000000,      5127,    0.00000000
10000,       200,      0.127000,    1.34227555,   27.57000000, 5016.14500000,    1.34227555,         4,       730,         0,      10000000,      7371,    0.00000000
10000,       200,      0.079500,    1.28348728,   31.54000000, 3662.27500000,    1.28348728,         4,       730,         0,      10000000,      5139,    0.00000000
10000,       200,      0.101250,    1.30533427,   27.69500000, 4295.52000000,    1.30533427,         4,       730,         0,      10000000,      6173,    0.00000000
10000,       200,      0.079750,    1.28398074,   30.92500000, 3671.58500000,    1.28398074,         4,       730,         0,      10000000,      5152,    0.00000000
10000,       200,      0.127250,    1.34246247,   27.98500000, 5019.50000000,    1.34246247,         4,       730,         0,      10000000,      7381,    0.00000000
10000,       200,      0.101500,    1.30633314,   28.04500000, 4304.52500000,    1.30633314,         4,       730,         0,      10000000,      6188,    0.00000000
10000,       200,      0.080000,    1.28375488,   31.24500000, 3678.99500000,    1.28375488,         4,       730,         0,      10000000,      5162,    0.00000000
10000,       200,      0.080250,    1.28427575,   31.35000000, 3687.39500000,    1.28427575,         4,       730,         0,      10000000,      5176,    0.00000000
10000,       200,      0.101750,    1.30642735,   28.21500000, 4312.24000000,    1.30642735,         4,       730,         0,      10000000,      6199,    0.00000000
10000,       200,      0.127500,    1.34257007,   27.58000000, 5025.41000000,    1.34257007,         4,       730,         0,      10000000,      7391,    0.00000000
10000,       200,      0.080500,    1.28338588,   31.71000000, 3690.09000000,    1.28338588,         4,       730,         0,      10000000,      5184,    0.00000000
10000,       200,      0.102000,    1.30640087,   27.91500000, 4316.37000000,    1.30640087,         4,       730,         0,      10000000,      6209,    0.00000000
10000,       200,      0.080750,    1.28435766,   31.25000000, 3700.29000000,    1.28435766,         4,       730,         0,      10000000,      5199,    0.00000000
10000,       200,      0.081000,    1.28404610,   31.30000000, 3706.28500000,    1.28404610,         4,       730,         0,      10000000,      5209,    0.00000000
10000,       200,      0.127750,    1.34382861,   27.58000000, 5038.65500000,    1.34382861,         4,       730,         0,      10000000,      7407,    0.00000000
10000,       200,      0.102250,    1.30694851,   27.00500000, 4325.22000000,    1.30694851,         4,       730,         0,      10000000,      6222,    0.00000000
10000,       200,      0.081250,    1.28510602,   31.28000000, 3715.83500000,    1.28510602,         4,       730,         0,      10000000,      5224,    0.00000000
10000,       200,      0.102500,    1.30791224,   27.75000000, 4333.05000000,    1.30791224,         4,       730,         0,      10000000,      6237,    0.00000000
10000,       200,      0.081500,    1.28443735,   31.01000000, 3719.34500000,    1.28443735,         4,       730,         0,      10000000,      5233,    0.00000000
10000,       200,      0.128000,    1.34315998,   27.78000000, 5038.27000000,    1.34315998,         4,       730,         0,      10000000,      7413,    0.00000000
