code_n, n_tries,          qber,        f_mean,  c_iters_mean,  n_iters_mean,             R,  pass/s_n,  kost/p_n,   p_n_max,   correct/k_n,   discl_n,           FER 
10000,       200,        0.0003,    0.86005079,   15.09090909,   13.52000000,    0.77474406,        16,      1000,         0,          9999,        28,    0.12000000
10000,       200,        0.0005,    1.08203481,   30.35772358,   27.58500000,    0.92512011,        16,      1000,         0,          9999,        67,    0.38500000
10000,       200,        0.0302,    1.44543368,   71.13500000,   71.13500000,    1.44543368,        16,      1000,         0,         10000,      2827,    0.00000000
10000,       200,        0.0008,    1.18806509,   41.70454545,   38.72000000,    1.08427300,        16,      1000,         0,          9999,       105,    0.34000000
10000,       200,        0.0602,    1.53145877,   66.35500000,   66.35500000,    1.53145877,        16,      1000,         0,         10000,      5029,    0.00000000
10000,       200,        0.0010,    1.14467962,   44.41139241,   44.15500000,    1.10284600,        16,      1000,         0,          9999,       130,    0.21000000
10000,       200,        0.0902,    1.60787559,   62.80000000,   62.80000000,    1.60787559,        16,      1000,         0,         10000,      7031,    0.00000000
10000,       200,        0.1202,    1.65982317,   60.61500000,   60.61500000,    1.65982317,        16,      1000,         0,         10000,      8798,    0.00000000
10000,       200,        0.0013,    1.16209159,   48.66666667,   48.70000000,    1.15183151,        16,      1000,         0,          9999,       161,    0.05500000
10000,       200,        0.0305,    1.44631478,   70.22000000,   70.22000000,    1.44631478,        16,      1000,         0,         10000,      2847,    0.00000000
10000,       200,        0.0015,    1.21581844,   55.83769634,   56.20500000,    1.20915495,        16,      1000,         0,          9999,       197,    0.04500000
10000,       200,        0.0605,    1.53118202,   66.79000000,   66.79000000,    1.53118202,        16,      1000,         0,         10000,      5044,    0.00000000
10000,       200,        0.0018,    1.25854398,   61.43147208,   61.60500000,    1.25702453,        16,      1000,         0,          9999,       233,    0.01500000
10000,       200,        0.0307,    1.44891796,   70.71500000,   70.71500000,    1.44891796,        16,      1000,         0,         10000,      2870,    0.00000000
10000,       200,        0.0905,    1.60719642,   62.62000000,   62.62000000,    1.60719642,        16,      1000,         0,         10000,      7041,    0.00000000
10000,       200,        0.1205,    1.66153069,   60.45000000,   60.45000000,    1.66153069,        16,      1000,         0,         10000,      8819,    0.00000000
10000,       200,        0.0020,    1.24101877,   63.41708543,   63.51000000,    1.24074716,        16,      1000,         0,          9999,       258,    0.00500000
10000,       200,        0.0607,    1.53299651,   66.70500000,   66.70500000,    1.53299651,        16,      1000,         0,         10000,      5065,    0.00000000
10000,       200,        0.0310,    1.44787940,   70.49000000,   70.49000000,    1.44787940,        16,      1000,         0,         10000,      2886,    0.00000000
10000,       200,        0.0023,    1.29313614,   65.49246231,   65.58000000,    1.29290063,        16,      1000,         0,          9999,       297,    0.00500000
10000,       200,        0.0907,    1.60812304,   62.36000000,   62.36000000,    1.60812304,        16,      1000,         0,         10000,      7059,    0.00000000
10000,       200,        0.0025,    1.28731051,   65.74500000,   65.74500000,    1.28731051,        16,      1000,         0,         10000,       324,    0.00000000
10000,       200,        0.1207,    1.66081017,   60.23500000,   60.23500000,    1.66081017,        16,      1000,         0,         10000,      8827,    0.00000000
10000,       200,        0.0312,    1.44788473,   67.93000000,   67.93000000,    1.44788473,        16,      1000,         0,         10000,      2904,    0.00000000
10000,       200,        0.0610,    1.53309055,   66.54000000,   66.54000000,    1.53309055,        16,      1000,         0,         10000,      5080,    0.00000000
10000,       200,        0.0027,    1.31128712,   68.63000000,   68.63000000,    1.31128712,        16,      1000,         0,         10000,       358,    0.00000000
10000,       200,        0.0315,    1.44938020,   68.48500000,   68.48500000,    1.44938020,        16,      1000,         0,         10000,      2925,    0.00000000
10000,       200,        0.0030,    1.30438611,   71.07500000,   71.07500000,    1.30438611,        16,      1000,         0,         10000,       384,    0.00000000
10000,       200,        0.0612,    1.53218944,   65.69000000,   65.69000000,    1.53218944,        16,      1000,         0,         10000,      5092,    0.00000000
10000,       200,        0.0910,    1.60973228,   62.96500000,   62.96500000,    1.60973228,        16,      1000,         0,         10000,      7079,    0.00000000
10000,       200,        0.1210,    1.66218451,   60.97000000,   60.97000000,    1.66218451,        16,      1000,         0,         10000,      8846,    0.00000000
10000,       200,        0.0033,    1.29963379,   69.07500000,   69.07500000,    1.29963379,        16,      1000,         0,         10000,       409,    0.00000000
10000,       200,        0.0318,    1.45234095,   68.63000000,   68.63000000,    1.45234095,        16,      1000,         0,         10000,      2949,    0.00000000
10000,       200,        0.0615,    1.53189330,   66.19000000,   66.19000000,    1.53189330,        16,      1000,         0,         10000,      5106,    0.00000000
10000,       200,        0.0035,    1.31703775,   72.27000000,   72.27000000,    1.31703775,        16,      1000,         0,         10000,       442,    0.00000000
10000,       200,        0.0912,    1.60772869,   61.70500000,   61.70500000,    1.60772869,        16,      1000,         0,         10000,      7084,    0.00000000
10000,       200,        0.0320,    1.45188292,   68.73500000,   68.73500000,    1.45188292,        16,      1000,         0,         10000,      2966,    0.00000000
10000,       200,        0.1212,    1.66120014,   60.52000000,   60.52000000,    1.66120014,        16,      1000,         0,         10000,      8853,    0.00000000
10000,       200,        0.0037,    1.33169380,   73.28000000,   73.28000000,    1.33169380,        16,      1000,         0,         10000,       474,    0.00000000
10000,       200,        0.0617,    1.53399126,   65.50500000,   65.50500000,    1.53399126,        16,      1000,         0,         10000,      5128,    0.00000000
10000,       200,        0.0323,    1.45254068,   68.49500000,   68.49500000,    1.45254068,        16,      1000,         0,         10000,      2985,    0.00000000
10000,       200,        0.0040,    1.31421845,   73.19500000,   73.19500000,    1.31421845,        16,      1000,         0,         10000,       494,    0.00000000
10000,       200,        0.0915,    1.60888072,   62.45000000,   62.45000000,    1.60888072,        16,      1000,         0,         10000,      7102,    0.00000000
10000,       200,        0.0043,    1.31000842,   69.70500000,   69.70500000,    1.31000842,        16,      1000,         0,         10000,       518,    0.00000000
10000,       200,        0.1215,    1.66262801,   60.56500000,   60.56500000,    1.66262801,        16,      1000,         0,         10000,      8872,    0.00000000
10000,       200,        0.0325,    1.45515262,   68.15000000,   68.15000000,    1.45515262,        16,      1000,         0,         10000,      3008,    0.00000000
10000,       200,        0.0620,    1.53285593,   66.26000000,   66.26000000,    1.53285593,        16,      1000,         0,         10000,      5140,    0.00000000
10000,       200,        0.0045,    1.32533696,   71.74000000,   71.74000000,    1.32533696,        16,      1000,         0,         10000,       550,    0.00000000
10000,       200,        0.0917,    1.61048232,   61.99500000,   61.99500000,    1.61048232,        16,      1000,         0,         10000,      7122,    0.00000000
10000,       200,        0.0328,    1.45750629,   69.03500000,   69.03500000,    1.45750629,        16,      1000,         0,         10000,      3031,    0.00000000
10000,       200,        0.0048,    1.33650387,   75.79500000,   75.79500000,    1.33650387,        16,      1000,         0,         10000,       581,    0.00000000
10000,       200,        0.0622,    1.53221598,   64.24500000,   64.24500000,    1.53221598,        16,      1000,         0,         10000,      5153,    0.00000000
10000,       200,        0.1217,    1.66293282,   60.54500000,   60.54500000,    1.66293282,        16,      1000,         0,         10000,      8886,    0.00000000
10000,       200,        0.0050,    1.33354421,   74.46000000,   74.46000000,    1.33354421,        16,      1000,         0,         10000,       605,    0.00000000
10000,       200,        0.0330,    1.45662367,   69.14000000,   69.14000000,    1.45662367,        16,      1000,         0,         10000,      3047,    0.00000000
10000,       200,        0.0625,    1.53410092,   63.19000000,   63.19000000,    1.53410092,        16,      1000,         0,         10000,      5174,    0.00000000
10000,       200,        0.0920,    1.61037801,   62.48000000,   62.48000000,    1.61037801,        16,      1000,         0,         10000,      7135,    0.00000000
10000,       200,        0.0053,    1.32671645,   74.41500000,   74.41500000,    1.32671645,        16,      1000,         0,         10000,       627,    0.00000000
10000,       200,        0.0333,    1.45511742,   67.90000000,   67.90000000,    1.45511742,        16,      1000,         0,         10000,      3062,    0.00000000
10000,       200,        0.1220,    1.66326654,   60.55500000,   60.55500000,    1.66326654,        16,      1000,         0,         10000,      8899,    0.00000000
10000,       200,        0.0055,    1.33472156,   73.16000000,   73.16000000,    1.33472156,        16,      1000,         0,         10000,       656,    0.00000000
10000,       200,        0.0628,    1.53593317,   63.40000000,   63.40000000,    1.53593317,        16,      1000,         0,         10000,      5195,    0.00000000
10000,       200,        0.0335,    1.45810320,   68.49000000,   68.49000000,    1.45810320,        16,      1000,         0,         10000,      3086,    0.00000000
10000,       200,        0.0922,    1.60965292,   62.27000000,   62.27000000,    1.60965292,        16,      1000,         0,         10000,      7145,    0.00000000
10000,       200,        0.0057,    1.34845465,   74.74000000,   74.74000000,    1.34845465,        16,      1000,         0,         10000,       688,    0.00000000
10000,       200,        0.1222,    1.66339668,   60.55000000,   60.55000000,    1.66339668,        16,      1000,         0,         10000,      8912,    0.00000000
10000,       200,        0.0060,    1.33907006,   76.56000000,   76.56000000,    1.33907006,        16,      1000,         0,         10000,       708,    0.00000000
10000,       200,        0.0630,    1.53584283,   63.59500000,   63.59500000,    1.53584283,        16,      1000,         0,         10000,      5210,    0.00000000
10000,       200,        0.0338,    1.46317633,   69.16500000,   69.16500000,    1.46317633,        16,      1000,         0,         10000,      3114,    0.00000000
10000,       200,        0.0063,    1.33079679,   74.84500000,   74.84500000,    1.33079679,        16,      1000,         0,         10000,       728,    0.00000000
10000,       200,        0.0925,    1.61234411,   62.79500000,   62.79500000,    1.61234411,        16,      1000,         0,         10000,      7171,    0.00000000
10000,       200,        0.0340,    1.46082562,   68.98500000,   68.98500000,    1.46082562,        16,      1000,         0,         10000,      3127,    0.00000000
10000,       200,        0.0633,    1.53649180,   63.47500000,   63.47500000,    1.53649180,        16,      1000,         0,         10000,      5227,    0.00000000
10000,       200,        0.1225,    1.66420009,   60.28500000,   60.28500000,    1.66420009,        16,      1000,         0,         10000,      8928,    0.00000000
10000,       200,        0.0065,    1.34369271,   75.14500000,   75.14500000,    1.34369271,        16,      1000,         0,         10000,       760,    0.00000000
10000,       200,        0.0343,    1.46070081,   68.26000000,   68.26000000,    1.46070081,        16,      1000,         0,         10000,      3144,    0.00000000
10000,       200,        0.0068,    1.35341929,   76.32500000,   76.32500000,    1.35341929,        16,      1000,         0,         10000,       790,    0.00000000
10000,       200,        0.0927,    1.61268961,   62.34000000,   62.34000000,    1.61268961,        16,      1000,         0,         10000,      7185,    0.00000000
10000,       200,        0.0635,    1.53697979,   64.27500000,   64.27500000,    1.53697979,        16,      1000,         0,         10000,      5243,    0.00000000
10000,       200,        0.0070,    1.34165238,   75.18000000,   75.18000000,    1.34165238,        16,      1000,         0,         10000,       807,    0.00000000
10000,       200,        0.1227,    1.66426032,   60.35500000,   60.35500000,    1.66426032,        16,      1000,         0,         10000,      8940,    0.00000000
10000,       200,        0.0345,    1.46517589,   68.68000000,   68.68000000,    1.46517589,        16,      1000,         0,         10000,      3171,    0.00000000
10000,       200,        0.0073,    1.34129677,   73.60500000,   73.60500000,    1.34129677,        16,      1000,         0,         10000,       830,    0.00000000
10000,       200,        0.0638,    1.53894923,   63.55500000,   63.55500000,    1.53894923,        16,      1000,         0,         10000,      5265,    0.00000000
10000,       200,        0.0930,    1.61239256,   62.25500000,   62.25500000,    1.61239256,        16,      1000,         0,         10000,      7197,    0.00000000
10000,       200,        0.0348,    1.46623178,   68.95000000,   68.95000000,    1.46623178,        16,      1000,         0,         10000,      3191,    0.00000000
10000,       200,        0.0075,    1.34562672,   74.37000000,   74.37000000,    1.34562672,        16,      1000,         0,         10000,       857,    0.00000000
10000,       200,        0.1230,    1.66476636,   60.55000000,   60.55000000,    1.66476636,        16,      1000,         0,         10000,      8955,    0.00000000
10000,       200,        0.0640,    1.53981267,   63.36000000,   63.36000000,    1.53981267,        16,      1000,         0,         10000,      5283,    0.00000000
10000,       200,        0.0350,    1.46589836,   69.37000000,   69.37000000,    1.46589836,        16,      1000,         0,         10000,      3208,    0.00000000
10000,       200,        0.0077,    1.35100349,   72.74000000,   72.74000000,    1.35100349,        16,      1000,         0,         10000,       884,    0.00000000
10000,       200,        0.0932,    1.61276119,   61.59500000,   61.59500000,    1.61276119,        16,      1000,         0,         10000,      7212,    0.00000000
10000,       200,        0.0080,    1.34572926,   73.78000000,   73.78000000,    1.34572926,        16,      1000,         0,         10000,       904,    0.00000000
10000,       200,        0.0643,    1.53930480,   63.07000000,   63.07000000,    1.53930480,        16,      1000,         0,         10000,      5296,    0.00000000
10000,       200,        0.0353,    1.46890570,   69.16000000,   69.16000000,    1.46890570,        16,      1000,         0,         10000,      3232,    0.00000000
10000,       200,        0.1232,    1.66501559,   60.42000000,   60.42000000,    1.66501559,        16,      1000,         0,         10000,      8968,    0.00000000
10000,       200,        0.0083,    1.34377799,   72.35000000,   72.35000000,    1.34377799,        16,      1000,         0,         10000,       926,    0.00000000
10000,       200,        0.0935,    1.61282654,   61.31500000,   61.31500000,    1.61282654,        16,      1000,         0,         10000,      7226,    0.00000000
10000,       200,        0.0355,    1.46775611,   68.85500000,   68.85500000,    1.46775611,        16,      1000,         0,         10000,      3247,    0.00000000
10000,       200,        0.0645,    1.54175528,   63.86000000,   63.86000000,    1.54175528,        16,      1000,         0,         10000,      5319,    0.00000000
10000,       200,        0.0085,    1.35632311,   73.25500000,   73.25500000,    1.35632311,        16,      1000,         0,         10000,       958,    0.00000000
10000,       200,        0.1235,    1.66573769,   60.45000000,   60.45000000,    1.66573769,        16,      1000,         0,         10000,      8983,    0.00000000
10000,       200,        0.0358,    1.47131805,   68.79000000,   68.79000000,    1.47131805,        16,      1000,         0,         10000,      3273,    0.00000000
10000,       200,        0.0088,    1.36068927,   74.36500000,   74.36500000,    1.36068927,        16,      1000,         0,         10000,       984,    0.00000000
10000,       200,        0.0938,    1.61499298,   60.60500000,   60.60500000,    1.61499298,        16,      1000,         0,         10000,      7249,    0.00000000
10000,       200,        0.0648,    1.54178847,   63.70000000,   63.70000000,    1.54178847,        16,      1000,         0,         10000,      5334,    0.00000000
10000,       200,        0.0090,    1.36062490,   74.71500000,   74.71500000,    1.36062490,        16,      1000,         0,         10000,      1008,    0.00000000
10000,       200,        0.0360,    1.46999666,   68.90000000,   68.90000000,    1.46999666,        16,      1000,         0,         10000,      3287,    0.00000000
10000,       200,        0.1237,    1.66620308,   60.72500000,   60.72500000,    1.66620308,        16,      1000,         0,         10000,      8998,    0.00000000
10000,       200,        0.0093,    1.36740908,   73.61000000,   73.61000000,    1.36740908,        16,      1000,         0,         10000,      1036,    0.00000000
10000,       200,        0.0650,    1.54321722,   63.13000000,   63.13000000,    1.54321722,        16,      1000,         0,         10000,      5354,    0.00000000
10000,       200,        0.0940,    1.61519064,   61.51000000,   61.51000000,    1.61519064,        16,      1000,         0,         10000,      7263,    0.00000000
10000,       200,        0.0363,    1.47164625,   68.52500000,   68.52500000,    1.47164625,        16,      1000,         0,         10000,      3308,    0.00000000
10000,       200,        0.0095,    1.36033553,   74.75000000,   74.75000000,    1.36033553,        16,      1000,         0,         10000,      1053,    0.00000000
10000,       200,        0.0653,    1.54269462,   63.23500000,   63.23500000,    1.54269462,        16,      1000,         0,         10000,      5367,    0.00000000
10000,       200,        0.1240,    1.66502118,   59.99500000,   59.99500000,    1.66502118,        16,      1000,         0,         10000,      9003,    0.00000000
10000,       200,        0.0365,    1.47260734,   69.11000000,   69.11000000,    1.47260734,        16,      1000,         0,         10000,      3328,    0.00000000
10000,       200,        0.0097,    1.37153858,   75.77500000,   75.77500000,    1.37153858,        16,      1000,         0,         10000,      1085,    0.00000000
10000,       200,        0.0943,    1.61321489,   60.64000000,   60.64000000,    1.61321489,        16,      1000,         0,         10000,      7267,    0.00000000
10000,       200,        0.0100,    1.36798131,   74.66500000,   74.66500000,    1.36798131,        16,      1000,         0,         10000,      1105,    0.00000000
10000,       200,        0.0368,    1.47243503,   69.08500000,   69.08500000,    1.47243503,        16,      1000,         0,         10000,      3345,    0.00000000
10000,       200,        0.0655,    1.54330209,   63.87000000,   63.87000000,    1.54330209,        16,      1000,         0,         10000,      5384,    0.00000000
10000,       200,        0.1242,    1.66580722,   60.25000000,   60.25000000,    1.66580722,        16,      1000,         0,         10000,      9019,    0.00000000
10000,       200,        0.0103,    1.36440285,   74.32500000,   74.32500000,    1.36440285,        16,      1000,         0,         10000,      1124,    0.00000000
10000,       200,        0.0945,    1.61409842,   60.83000000,   60.83000000,    1.61409842,        16,      1000,         0,         10000,      7284,    0.00000000
10000,       200,        0.0370,    1.47352237,   68.66000000,   68.66000000,    1.47352237,        16,      1000,         0,         10000,      3364,    0.00000000
10000,       200,        0.0658,    1.54605359,   64.41000000,   64.41000000,    1.54605359,        16,      1000,         0,         10000,      5409,    0.00000000
10000,       200,        0.0105,    1.37008739,   73.23000000,   73.23000000,    1.37008739,        16,      1000,         0,         10000,      1152,    0.00000000
10000,       200,        0.0373,    1.47511582,   68.42500000,   68.42500000,    1.47511582,        16,      1000,         0,         10000,      3385,    0.00000000
10000,       200,        0.1245,    1.66692669,   59.67500000,   59.67500000,    1.66692669,        16,      1000,         0,         10000,      9037,    0.00000000
10000,       200,        0.0108,    1.37504578,   75.12500000,   75.12500000,    1.37504578,        16,      1000,         0,         10000,      1178,    0.00000000
10000,       200,        0.0948,    1.61646107,   60.90500000,   60.90500000,    1.61646107,        16,      1000,         0,         10000,      7308,    0.00000000
10000,       200,        0.0660,    1.54557263,   64.09500000,   64.09500000,    1.54557263,        16,      1000,         0,         10000,      5422,    0.00000000
10000,       200,        0.0110,    1.37291773,   73.30500000,   73.30500000,    1.37291773,        16,      1000,         0,         10000,      1199,    0.00000000
10000,       200,        0.0375,    1.47556701,   68.70500000,   68.70500000,    1.47556701,        16,      1000,         0,         10000,      3404,    0.00000000
10000,       200,        0.1247,    1.66719844,   59.02500000,   59.02500000,    1.66719844,        16,      1000,         0,         10000,      9050,    0.00000000
10000,       200,        0.0663,    1.54604593,   64.00000000,   64.00000000,    1.54604593,        16,      1000,         0,         10000,      5438,    0.00000000
10000,       200,        0.0112,    1.37178200,   73.96500000,   73.96500000,    1.37178200,        16,      1000,         0,         10000,      1220,    0.00000000
10000,       200,        0.0950,    1.61586498,   60.72500000,   60.72500000,    1.61586498,        16,      1000,         0,         10000,      7318,    0.00000000
10000,       200,        0.0378,    1.47662038,   68.38500000,   68.38500000,    1.47662038,        16,      1000,         0,         10000,      3423,    0.00000000
10000,       200,        0.0115,    1.37571121,   73.93500000,   73.93500000,    1.37571121,        16,      1000,         0,         10000,      1246,    0.00000000
10000,       200,        0.0665,    1.54642099,   63.30500000,   63.30500000,    1.54642099,        16,      1000,         0,         10000,      5454,    0.00000000
10000,       200,        0.0380,    1.47662761,   68.05500000,   68.05500000,    1.47662761,        16,      1000,         0,         10000,      3441,    0.00000000
10000,       200,        0.1250,    1.66768727,   57.33500000,   57.33500000,    1.66768727,        16,      1000,         0,         10000,      9064,    0.00000000
10000,       200,        0.0118,    1.37818994,   72.45500000,   72.45500000,    1.37818994,        16,      1000,         0,         10000,      1270,    0.00000000
10000,       200,        0.0953,    1.61733643,   60.70500000,   60.70500000,    1.61733643,        16,      1000,         0,         10000,      7338,    0.00000000
10000,       200,        0.0383,    1.47906483,   68.53000000,   68.53000000,    1.47906483,        16,      1000,         0,         10000,      3464,    0.00000000
10000,       200,        0.0120,    1.37667816,   74.53500000,   74.53500000,    1.37667816,        16,      1000,         0,         10000,      1291,    0.00000000
10000,       200,        0.0668,    1.54812222,   63.69500000,   63.69500000,    1.54812222,        16,      1000,         0,         10000,      5475,    0.00000000
10000,       200,        0.1253,    1.66830781,   57.09000000,   57.09000000,    1.66830781,        16,      1000,         0,         10000,      9080,    0.00000000
10000,       200,        0.0955,    1.61830808,   60.76500000,   60.76500000,    1.61830808,        16,      1000,         0,         10000,      7356,    0.00000000
10000,       200,        0.0123,    1.37725079,   74.26000000,   74.26000000,    1.37725079,        16,      1000,         0,         10000,      1313,    0.00000000
10000,       200,        0.0385,    1.47909503,   67.96000000,   67.96000000,    1.47909503,        16,      1000,         0,         10000,      3481,    0.00000000
10000,       200,        0.0670,    1.54815550,   63.47000000,   63.47000000,    1.54815550,        16,      1000,         0,         10000,      5490,    0.00000000
10000,       200,        0.0125,    1.37894211,   74.32000000,   74.32000000,    1.37894211,        16,      1000,         0,         10000,      1336,    0.00000000
10000,       200,        0.0388,    1.48040850,   67.70000000,   67.70000000,    1.48040850,        16,      1000,         0,         10000,      3501,    0.00000000
10000,       200,        0.1255,    1.66859072,   57.40500000,   57.40500000,    1.66859072,        16,      1000,         0,         10000,      9093,    0.00000000
10000,       200,        0.0958,    1.61882651,   61.26500000,   61.26500000,    1.61882651,        16,      1000,         0,         10000,      7371,    0.00000000
10000,       200,        0.0128,    1.38589895,   74.45500000,   74.45500000,    1.38589895,        16,      1000,         0,         10000,      1365,    0.00000000
10000,       200,        0.0673,    1.54947028,   63.77500000,   63.77500000,    1.54947028,        16,      1000,         0,         10000,      5509,    0.00000000
10000,       200,        0.0390,    1.48113523,   67.63500000,   67.63500000,    1.48113523,        16,      1000,         0,         10000,      3520,    0.00000000
10000,       200,        0.0130,    1.38248532,   73.74500000,   73.74500000,    1.38248532,        16,      1000,         0,         10000,      1383,    0.00000000
10000,       200,        0.0675,    1.55140980,   64.03500000,   64.03500000,    1.55140980,        16,      1000,         0,         10000,      5531,    0.00000000
10000,       200,        0.0960,    1.61866614,   60.92000000,   60.92000000,    1.61866614,        16,      1000,         0,         10000,      7384,    0.00000000
10000,       200,        0.1258,    1.66944170,   57.57500000,   57.57500000,    1.66944170,        16,      1000,         0,         10000,      9109,    0.00000000
10000,       200,        0.0393,    1.48247695,   68.17500000,   68.17500000,    1.48247695,        16,      1000,         0,         10000,      3540,    0.00000000
10000,       200,        0.0133,    1.38032982,   72.56000000,   72.56000000,    1.38032982,        16,      1000,         0,         10000,      1402,    0.00000000
10000,       200,        0.0135,    1.38417989,   75.03500000,   75.03500000,    1.38417989,        16,      1000,         0,         10000,      1428,    0.00000000
10000,       200,        0.0678,    1.55154091,   63.54000000,   63.54000000,    1.55154091,        16,      1000,         0,         10000,      5546,    0.00000000
10000,       200,        0.0395,    1.48191634,   68.04500000,   68.04500000,    1.48191634,        16,      1000,         0,         10000,      3556,    0.00000000
10000,       200,        0.0963,    1.61945534,   60.72500000,   60.72500000,    1.61945534,        16,      1000,         0,         10000,      7400,    0.00000000
10000,       200,        0.1260,    1.66847737,   57.72500000,   57.72500000,    1.66847737,        16,      1000,         0,         10000,      9115,    0.00000000
10000,       200,        0.0138,    1.38823479,   74.48000000,   74.48000000,    1.38823479,        16,      1000,         0,         10000,      1453,    0.00000000
10000,       200,        0.0398,    1.48540852,   68.16000000,   68.16000000,    1.48540852,        16,      1000,         0,         10000,      3581,    0.00000000
10000,       200,        0.0680,    1.55197187,   63.63000000,   63.63000000,    1.55197187,        16,      1000,         0,         10000,      5562,    0.00000000
10000,       200,        0.0140,    1.38419016,   75.05500000,   75.05500000,    1.38419016,        16,      1000,         0,         10000,      1471,    0.00000000
10000,       200,        0.0965,    1.61959229,   60.94000000,   60.94000000,    1.61959229,        16,      1000,         0,         10000,      7414,    0.00000000
10000,       200,        0.1263,    1.66995738,   57.51000000,   57.51000000,    1.66995738,        16,      1000,         0,         10000,      9135,    0.00000000
10000,       200,        0.0400,    1.48414813,   67.75000000,   67.75000000,    1.48414813,        16,      1000,         0,         10000,      3595,    0.00000000
10000,       200,        0.0143,    1.37917113,   72.77500000,   72.77500000,    1.37917113,        16,      1000,         0,         10000,      1486,    0.00000000
10000,       200,        0.0683,    1.55306899,   63.84500000,   63.84500000,    1.55306899,        16,      1000,         0,         10000,      5581,    0.00000000
10000,       200,        0.0145,    1.38918636,   74.06000000,   74.06000000,    1.38918636,        16,      1000,         0,         10000,      1518,    0.00000000
10000,       200,        0.0403,    1.48630289,   67.91000000,   67.91000000,    1.48630289,        16,      1000,         0,         10000,      3618,    0.00000000
10000,       200,        0.0968,    1.62064714,   60.62500000,   60.62500000,    1.62064714,        16,      1000,         0,         10000,      7432,    0.00000000
10000,       200,        0.1265,    1.67332929,   57.68000000,   57.68000000,    1.67332929,        16,      1000,         0,         10000,      9165,    0.00000000
10000,       200,        0.0685,    1.55403465,   63.69500000,   63.69500000,    1.55403465,        16,      1000,         0,         10000,      5599,    0.00000000
10000,       200,        0.0148,    1.39191944,   74.38000000,   74.38000000,    1.39191944,        16,      1000,         0,         10000,      1542,    0.00000000
10000,       200,        0.0405,    1.48561620,   67.52000000,   67.52000000,    1.48561620,        16,      1000,         0,         10000,      3633,    0.00000000
10000,       200,        0.0150,    1.38881287,   73.00500000,   73.00500000,    1.38881287,        16,      1000,         0,         10000,      1560,    0.00000000
10000,       200,        0.0688,    1.55509824,   64.18500000,   64.18500000,    1.55509824,        16,      1000,         0,         10000,      5617,    0.00000000
10000,       200,        0.0970,    1.61976467,   60.58500000,   60.58500000,    1.61976467,        16,      1000,         0,         10000,      7441,    0.00000000
10000,       200,        0.0408,    1.48767864,   68.48000000,   68.48000000,    1.48767864,        16,      1000,         0,         10000,      3655,    0.00000000
10000,       200,        0.1268,    1.67291906,   57.79000000,   57.79000000,    1.67291906,        16,      1000,         0,         10000,      9175,    0.00000000
10000,       200,        0.0152,    1.38423400,   73.01000000,   73.01000000,    1.38423400,        16,      1000,         0,         10000,      1576,    0.00000000
10000,       200,        0.0690,    1.55480945,   63.30500000,   63.30500000,    1.55480945,        16,      1000,         0,         10000,      5631,    0.00000000
10000,       200,        0.0410,    1.48763554,   67.86500000,   67.86500000,    1.48763554,        16,      1000,         0,         10000,      3672,    0.00000000
10000,       200,        0.0155,    1.38819809,   73.62500000,   73.62500000,    1.38819809,        16,      1000,         0,         10000,      1601,    0.00000000
10000,       200,        0.0973,    1.62138230,   60.61500000,   60.61500000,    1.62138230,        16,      1000,         0,         10000,      7461,    0.00000000
10000,       200,        0.1270,    1.67188776,   57.39500000,   57.39500000,    1.67188776,        16,      1000,         0,         10000,      9181,    0.00000000
10000,       200,        0.0158,    1.39480491,   72.49500000,   72.49500000,    1.39480491,        16,      1000,         0,         10000,      1629,    0.00000000
10000,       200,        0.0413,    1.48919534,   68.44000000,   68.44000000,    1.48919534,        16,      1000,         0,         10000,      3693,    0.00000000
10000,       200,        0.0693,    1.55706865,   64.09000000,   64.09000000,    1.55706865,        16,      1000,         0,         10000,      5654,    0.00000000
10000,       200,        0.0160,    1.39059978,   72.27500000,   72.27500000,    1.39059978,        16,      1000,         0,         10000,      1645,    0.00000000
10000,       200,        0.0975,    1.62188516,   60.88000000,   60.88000000,    1.62188516,        16,      1000,         0,         10000,      7477,    0.00000000
10000,       200,        0.0415,    1.48811536,   67.84000000,   67.84000000,    1.48811536,        16,      1000,         0,         10000,      3707,    0.00000000
10000,       200,        0.1273,    1.67337315,   57.46000000,   57.46000000,    1.67337315,        16,      1000,         0,         10000,      9201,    0.00000000
10000,       200,        0.0695,    1.55694206,   63.77500000,   63.77500000,    1.55694206,        16,      1000,         0,         10000,      5668,    0.00000000
10000,       200,        0.0163,    1.39139712,   71.03000000,   71.03000000,    1.39139712,        16,      1000,         0,         10000,      1667,    0.00000000
10000,       200,        0.0418,    1.49034123,   67.40000000,   67.40000000,    1.49034123,        16,      1000,         0,         10000,      3729,    0.00000000
10000,       200,        0.0165,    1.39497237,   72.22500000,   72.22500000,    1.39497237,        16,      1000,         0,         10000,      1692,    0.00000000
10000,       200,        0.0978,    1.62338700,   61.09000000,   61.09000000,    1.62338700,        16,      1000,         0,         10000,      7497,    0.00000000
10000,       200,        0.0698,    1.55696318,   63.58500000,   63.58500000,    1.55696318,        16,      1000,         0,         10000,      5682,    0.00000000
10000,       200,        0.1275,    1.67363755,   57.23500000,   57.23500000,    1.67363755,        16,      1000,         0,         10000,      9214,    0.00000000
10000,       200,        0.0420,    1.49050386,   67.82000000,   67.82000000,    1.49050386,        16,      1000,         0,         10000,      3746,    0.00000000
10000,       200,        0.0168,    1.40054880,   73.31500000,   73.31500000,    1.40054880,        16,      1000,         0,         10000,      1719,    0.00000000
10000,       200,        0.0700,    1.55718276,   63.15500000,   63.15500000,    1.55718276,        16,      1000,         0,         10000,      5698,    0.00000000
10000,       200,        0.0980,    1.62349948,   60.54000000,   60.54000000,    1.62349948,        16,      1000,         0,         10000,      7510,    0.00000000
10000,       200,        0.0170,    1.39952782,   73.04000000,   73.04000000,    1.39952782,        16,      1000,         0,         10000,      1738,    0.00000000
10000,       200,        0.0423,    1.49255143,   67.48500000,   67.48500000,    1.49255143,        16,      1000,         0,         10000,      3768,    0.00000000
10000,       200,        0.1278,    1.67594552,   57.72000000,   57.72000000,    1.67594552,        16,      1000,         0,         10000,      9238,    0.00000000
10000,       200,        0.0173,    1.40468018,   72.50000000,   72.50000000,    1.40468018,        16,      1000,         0,         10000,      1765,    0.00000000
10000,       200,        0.0703,    1.55841295,   63.53000000,   63.53000000,    1.55841295,        16,      1000,         0,         10000,      5717,    0.00000000
10000,       200,        0.0425,    1.49195830,   67.96000000,   67.96000000,    1.49195830,        16,      1000,         0,         10000,      3784,    0.00000000
10000,       200,        0.0983,    1.62273044,   61.12500000,   61.12500000,    1.62273044,        16,      1000,         0,         10000,      7520,    0.00000000
10000,       200,        0.0175,    1.40241255,   72.28500000,   72.28500000,    1.40241255,        16,      1000,         0,         10000,      1783,    0.00000000
10000,       200,        0.1280,    1.67519812,   57.71500000,   57.71500000,    1.67519812,        16,      1000,         0,         10000,      9245,    0.00000000
10000,       200,        0.0428,    1.49370712,   68.14000000,   68.14000000,    1.49370712,        16,      1000,         0,         10000,      3805,    0.00000000
10000,       200,        0.0705,    1.55918597,   63.63000000,   63.63000000,    1.55918597,        16,      1000,         0,         10000,      5734,    0.00000000
10000,       200,        0.0178,    1.40615083,   72.78500000,   72.78500000,    1.40615083,        16,      1000,         0,         10000,      1808,    0.00000000
10000,       200,        0.0985,    1.62405495,   60.69500000,   60.69500000,    1.62405495,        16,      1000,         0,         10000,      7539,    0.00000000
10000,       200,        0.0430,    1.49365186,   67.76000000,   67.76000000,    1.49365186,        16,      1000,         0,         10000,      3821,    0.00000000
10000,       200,        0.0180,    1.40469876,   72.33500000,   72.33500000,    1.40469876,        16,      1000,         0,         10000,      1826,    0.00000000
10000,       200,        0.1283,    1.67611622,   57.74500000,   57.74500000,    1.67611622,        16,      1000,         0,         10000,      9262,    0.00000000
10000,       200,        0.0708,    1.56085455,   63.88500000,   63.88500000,    1.56085455,        16,      1000,         0,         10000,      5755,    0.00000000
10000,       200,        0.0183,    1.41057646,   72.43500000,   72.43500000,    1.41057646,        16,      1000,         0,         10000,      1854,    0.00000000
10000,       200,        0.0433,    1.49628298,   68.37500000,   68.37500000,    1.49628298,        16,      1000,         0,         10000,      3845,    0.00000000
10000,       200,        0.0988,    1.62568383,   60.93500000,   60.93500000,    1.62568383,        16,      1000,         0,         10000,      7559,    0.00000000
10000,       200,        0.0710,    1.56121522,   64.04500000,   64.04500000,    1.56121522,        16,      1000,         0,         10000,      5770,    0.00000000
10000,       200,        0.0185,    1.41027967,   72.71500000,   72.71500000,    1.41027967,        16,      1000,         0,         10000,      1874,    0.00000000
10000,       200,        0.1285,    1.67682122,   57.99500000,   57.99500000,    1.67682122,        16,      1000,         0,         10000,      9278,    0.00000000
10000,       200,        0.0435,    1.49539196,   68.14000000,   68.14000000,    1.49539196,        16,      1000,         0,         10000,      3859,    0.00000000
10000,       200,        0.0187,    1.41243409,   73.26000000,   73.26000000,    1.41243409,        16,      1000,         0,         10000,      1897,    0.00000000
10000,       200,        0.0990,    1.62443079,   61.01500000,   61.01500000,    1.62443079,        16,      1000,         0,         10000,      7566,    0.00000000
10000,       200,        0.0713,    1.56192122,   63.61000000,   63.61000000,    1.56192122,        16,      1000,         0,         10000,      5788,    0.00000000
10000,       200,        0.0438,    1.49703047,   68.07500000,   68.07500000,    1.49703047,        16,      1000,         0,         10000,      3880,    0.00000000
10000,       200,        0.0190,    1.41078680,   73.52000000,   73.52000000,    1.41078680,        16,      1000,         0,         10000,      1915,    0.00000000
10000,       200,        0.1288,    1.67751696,   57.73500000,   57.73500000,    1.67751696,        16,      1000,         0,         10000,      9293,    0.00000000
10000,       200,        0.0715,    1.56192148,   64.14500000,   64.14500000,    1.56192148,        16,      1000,         0,         10000,      5802,    0.00000000
10000,       200,        0.0440,    1.49746894,   67.83500000,   67.83500000,    1.49746894,        16,      1000,         0,         10000,      3898,    0.00000000
10000,       200,        0.0192,    1.41006519,   71.41000000,   71.41000000,    1.41006519,        16,      1000,         0,         10000,      1934,    0.00000000
10000,       200,        0.0993,    1.62734101,   61.49000000,   61.49000000,    1.62734101,        16,      1000,         0,         10000,      7593,    0.00000000
10000,       200,        0.1290,    1.67754546,   57.91500000,   57.91500000,    1.67754546,        16,      1000,         0,         10000,      9305,    0.00000000
10000,       200,        0.0195,    1.41070180,   72.11500000,   72.11500000,    1.41070180,        16,      1000,         0,         10000,      1955,    0.00000000
10000,       200,        0.0443,    1.49732885,   67.19000000,   67.19000000,    1.49732885,        16,      1000,         0,         10000,      3914,    0.00000000
10000,       200,        0.0718,    1.56396813,   63.85000000,   63.85000000,    1.56396813,        16,      1000,         0,         10000,      5824,    0.00000000
10000,       200,        0.0995,    1.62652326,   60.64000000,   60.64000000,    1.62652326,        16,      1000,         0,         10000,      7602,    0.00000000
10000,       200,        0.0198,    1.41768222,   72.23500000,   72.23500000,    1.41768222,        16,      1000,         0,         10000,      1985,    0.00000000
10000,       200,        0.0445,    1.49706119,   67.62000000,   67.62000000,    1.49706119,        16,      1000,         0,         10000,      3930,    0.00000000
10000,       200,        0.0720,    1.56417958,   63.95000000,   63.95000000,    1.56417958,        16,      1000,         0,         10000,      5839,    0.00000000
10000,       200,        0.1293,    1.67795534,   57.79000000,   57.79000000,    1.67795534,        16,      1000,         0,         10000,      9318,    0.00000000
10000,       200,        0.0200,    1.41372832,   71.35000000,   71.35000000,    1.41372832,        16,      1000,         0,         10000,      1999,    0.00000000
10000,       200,        0.0448,    1.49789253,   67.37000000,   67.37000000,    1.49789253,        16,      1000,         0,         10000,      3949,    0.00000000
10000,       200,        0.0998,    1.62729870,   60.85000000,   60.85000000,    1.62729870,        16,      1000,         0,         10000,      7619,    0.00000000
10000,       200,        0.0203,    1.41420661,   72.76000000,   72.76000000,    1.41420661,        16,      1000,         0,         10000,      2020,    0.00000000
10000,       200,        0.0723,    1.56566879,   63.76500000,   63.76500000,    1.56566879,        16,      1000,         0,         10000,      5859,    0.00000000
10000,       200,        0.1295,    1.67943034,   57.68000000,   57.68000000,    1.67943034,        16,      1000,         0,         10000,      9338,    0.00000000
10000,       200,        0.0450,    1.49911789,   67.67000000,   67.67000000,    1.49911789,        16,      1000,         0,         10000,      3969,    0.00000000
10000,       200,        0.0205,    1.41704965,   71.23000000,   71.23000000,    1.41704965,        16,      1000,         0,         10000,      2043,    0.00000000
10000,       200,        0.1000,    1.62602487,   60.50500000,   60.50500000,    1.62602487,        16,      1000,         0,         10000,      7625,    0.00000000
10000,       200,        0.0725,    1.56552778,   63.87000000,   63.87000000,    1.56552778,        16,      1000,         0,         10000,      5873,    0.00000000
10000,       200,        0.0208,    1.41975834,   72.13000000,   72.13000000,    1.41975834,        16,      1000,         0,         10000,      2067,    0.00000000
10000,       200,        0.0453,    1.49980331,   67.09000000,   67.09000000,    1.49980331,        16,      1000,         0,         10000,      3987,    0.00000000
10000,       200,        0.1298,    1.67886821,   57.36500000,   57.36500000,    1.67886821,        16,      1000,         0,         10000,      9347,    0.00000000
10000,       200,        0.0210,    1.42076500,   70.98500000,   70.98500000,    1.42076500,        16,      1000,         0,         10000,      2088,    0.00000000
10000,       200,        0.0728,    1.56559776,   63.69500000,   63.69500000,    1.56559776,        16,      1000,         0,         10000,      5888,    0.00000000
10000,       200,        0.1003,    1.62774314,   61.06500000,   61.06500000,    1.62774314,        16,      1000,         0,         10000,      7646,    0.00000000
10000,       200,        0.0455,    1.50008838,   67.69500000,   67.69500000,    1.50008838,        16,      1000,         0,         10000,      4004,    0.00000000
10000,       200,        0.0213,    1.42497876,   71.48000000,   71.48000000,    1.42497876,        16,      1000,         0,         10000,      2114,    0.00000000
10000,       200,        0.1300,    1.67999435,   57.79000000,   57.79000000,    1.67999435,        16,      1000,         0,         10000,      9364,    0.00000000
10000,       200,        0.0458,    1.50153545,   67.09000000,   67.09000000,    1.50153545,        16,      1000,         0,         10000,      4025,    0.00000000
10000,       200,        0.0730,    1.56613978,   63.49000000,   63.49000000,    1.56613978,        16,      1000,         0,         10000,      5904,    0.00000000
10000,       200,        0.0215,    1.42214584,   72.30500000,   72.30500000,    1.42214584,        16,      1000,         0,         10000,      2130,    0.00000000
10000,       200,        0.1005,    1.62858462,   61.42500000,   61.42500000,    1.62858462,        16,      1000,         0,         10000,      7663,    0.00000000
10000,       200,        0.0460,    1.50054316,   67.09500000,   67.09500000,    1.50054316,        16,      1000,         0,         10000,      4038,    0.00000000
10000,       200,        0.0218,    1.42539865,   72.45000000,   72.45000000,    1.42539865,        16,      1000,         0,         10000,      2154,    0.00000000
10000,       200,        0.0733,    1.56802485,   63.64500000,   63.64500000,    1.56802485,        16,      1000,         0,         10000,      5926,    0.00000000
10000,       200,        0.1303,    1.68058261,   57.78500000,   57.78500000,    1.68058261,        16,      1000,         0,         10000,      9379,    0.00000000
10000,       200,        0.1008,    1.62748134,   60.67000000,   60.67000000,    1.62748134,        16,      1000,         0,         10000,      7671,    0.00000000
10000,       200,        0.0220,    1.42305974,   72.45000000,   72.45000000,    1.42305974,        16,      1000,         0,         10000,      2170,    0.00000000
10000,       200,        0.0463,    1.50217717,   67.22500000,   67.22500000,    1.50217717,        16,      1000,         0,         10000,      4059,    0.00000000
10000,       200,        0.0735,    1.56785538,   64.22500000,   64.22500000,    1.56785538,        16,      1000,         0,         10000,      5939,    0.00000000
10000,       200,        0.0222,    1.42128528,   71.19500000,   71.19500000,    1.42128528,        16,      1000,         0,         10000,      2187,    0.00000000
10000,       200,        0.1305,    1.68134630,   57.67000000,   57.67000000,    1.68134630,        16,      1000,         0,         10000,      9395,    0.00000000
10000,       200,        0.0465,    1.50156493,   66.18000000,   66.18000000,    1.50156493,        16,      1000,         0,         10000,      4074,    0.00000000
10000,       200,        0.1010,    1.62927298,   60.79500000,   60.79500000,    1.62927298,        16,      1000,         0,         10000,      7692,    0.00000000
10000,       200,        0.0225,    1.42569243,   71.92500000,   71.92500000,    1.42569243,        16,      1000,         0,         10000,      2213,    0.00000000
10000,       200,        0.0738,    1.56939193,   64.04000000,   64.04000000,    1.56939193,        16,      1000,         0,         10000,      5959,    0.00000000
10000,       200,        0.0468,    1.50314185,   66.12000000,   66.12000000,    1.50314185,        16,      1000,         0,         10000,      4094,    0.00000000
10000,       200,        0.1308,    1.68154928,   57.56500000,   57.56500000,    1.68154928,        16,      1000,         0,         10000,      9408,    0.00000000
10000,       200,        0.0227,    1.42875139,   71.62000000,   71.62000000,    1.42875139,        16,      1000,         0,         10000,      2237,    0.00000000
10000,       200,        0.1013,    1.62984099,   61.24500000,   61.24500000,    1.62984099,        16,      1000,         0,         10000,      7708,    0.00000000
10000,       200,        0.0740,    1.56846121,   63.35000000,   63.35000000,    1.56846121,        16,      1000,         0,         10000,      5970,    0.00000000
10000,       200,        0.0470,    1.50402268,   66.26000000,   66.26000000,    1.50402268,        16,      1000,         0,         10000,      4113,    0.00000000
10000,       200,        0.0230,    1.42535336,   70.37500000,   70.37500000,    1.42535336,        16,      1000,         0,         10000,      2251,    0.00000000
10000,       200,        0.1310,    1.68291540,   57.44000000,   57.44000000,    1.68291540,        16,      1000,         0,         10000,      9427,    0.00000000
10000,       200,        0.0473,    1.50542287,   66.60500000,   66.60500000,    1.50542287,        16,      1000,         0,         10000,      4133,    0.00000000
10000,       200,        0.0743,    1.57088164,   63.95500000,   63.95500000,    1.57088164,        16,      1000,         0,         10000,      5994,    0.00000000
10000,       200,        0.0232,    1.42541638,   70.71000000,   70.71000000,    1.42541638,        16,      1000,         0,         10000,      2270,    0.00000000
10000,       200,        0.1015,    1.63162007,   61.04500000,   61.04500000,    1.63162007,        16,      1000,         0,         10000,      7729,    0.00000000
10000,       200,        0.0235,    1.43027191,   71.11000000,   71.11000000,    1.43027191,        16,      1000,         0,         10000,      2297,    0.00000000
10000,       200,        0.0475,    1.50443255,   66.60500000,   66.60500000,    1.50443255,        16,      1000,         0,         10000,      4147,    0.00000000
10000,       200,        0.0745,    1.57095737,   63.81500000,   63.81500000,    1.57095737,        16,      1000,         0,         10000,      6008,    0.00000000
10000,       200,        0.1313,    1.68233355,   57.33500000,   57.33500000,    1.68233355,        16,      1000,         0,         10000,      9435,    0.00000000
10000,       200,        0.1018,    1.63070024,   60.80500000,   60.80500000,    1.63070024,        16,      1000,         0,         10000,      7737,    0.00000000
10000,       200,        0.0238,    1.43169282,   71.41000000,   71.41000000,    1.43169282,        16,      1000,         0,         10000,      2319,    0.00000000
10000,       200,        0.0478,    1.50744258,   66.59000000,   66.59000000,    1.50744258,        16,      1000,         0,         10000,      4172,    0.00000000
10000,       200,        0.0748,    1.57031953,   63.80500000,   63.80500000,    1.57031953,        16,      1000,         0,         10000,      6020,    0.00000000
10000,       200,        0.0240,    1.43029920,   72.24500000,   72.24500000,    1.43029920,        16,      1000,         0,         10000,      2336,    0.00000000
10000,       200,        0.1315,    1.68457097,   57.56000000,   57.56000000,    1.68457097,        16,      1000,         0,         10000,      9459,    0.00000000
10000,       200,        0.1020,    1.63097028,   60.63000000,   60.63000000,    1.63097028,        16,      1000,         0,         10000,      7752,    0.00000000
10000,       200,        0.0480,    1.50686777,   66.61000000,   66.61000000,    1.50686777,        16,      1000,         0,         10000,      4186,    0.00000000
10000,       200,        0.0243,    1.43031577,   70.11000000,   70.11000000,    1.43031577,        16,      1000,         0,         10000,      2355,    0.00000000
10000,       200,        0.0750,    1.57130591,   63.28500000,   63.28500000,    1.57130591,        16,      1000,         0,         10000,      6038,    0.00000000
10000,       200,        0.0483,    1.50857757,   66.82000000,   66.82000000,    1.50857757,        16,      1000,         0,         10000,      4207,    0.00000000
10000,       200,        0.0245,    1.43371108,   71.25500000,   71.25500000,    1.43371108,        16,      1000,         0,         10000,      2380,    0.00000000
10000,       200,        0.1318,    1.68422359,   57.53500000,   57.53500000,    1.68422359,        16,      1000,         0,         10000,      9469,    0.00000000
10000,       200,        0.1023,    1.63133523,   61.00500000,   61.00500000,    1.63133523,        16,      1000,         0,         10000,      7766,    0.00000000
10000,       200,        0.0753,    1.57394526,   62.87000000,   62.87000000,    1.57394526,        16,      1000,         0,         10000,      6063,    0.00000000
10000,       200,        0.0248,    1.43584180,   71.15500000,   71.15500000,    1.43584180,        16,      1000,         0,         10000,      2402,    0.00000000
10000,       200,        0.0485,    1.50866868,   66.64000000,   66.64000000,    1.50866868,        16,      1000,         0,         10000,      4224,    0.00000000
10000,       200,        0.1320,    1.68463177,   57.79000000,   57.79000000,    1.68463177,        16,      1000,         0,         10000,      9482,    0.00000000
10000,       200,        0.1025,    1.63164257,   60.35500000,   60.35500000,    1.63164257,        16,      1000,         0,         10000,      7780,    0.00000000
10000,       200,        0.0250,    1.43270880,   70.87000000,   70.87000000,    1.43270880,        16,      1000,         0,         10000,      2416,    0.00000000
10000,       200,        0.0755,    1.57333891,   64.19000000,   64.19000000,    1.57333891,        16,      1000,         0,         10000,      6074,    0.00000000
10000,       200,        0.0488,    1.50917696,   66.80500000,   66.80500000,    1.50917696,        16,      1000,         0,         10000,      4241,    0.00000000
10000,       200,        0.0253,    1.43868908,   70.80500000,   70.80500000,    1.43868908,        16,      1000,         0,         10000,      2445,    0.00000000
10000,       200,        0.0490,    1.50959609,   65.87500000,   65.87500000,    1.50959609,        16,      1000,         0,         10000,      4259,    0.00000000
10000,       200,        0.0758,    1.57467721,   64.18500000,   64.18500000,    1.57467721,        16,      1000,         0,         10000,      6094,    0.00000000
10000,       200,        0.1028,    1.63354546,   60.74000000,   60.74000000,    1.63354546,        16,      1000,         0,         10000,      7802,    0.00000000
10000,       200,        0.1323,    1.68652203,   57.87500000,   57.87500000,    1.68652203,        16,      1000,         0,         10000,      9504,    0.00000000
10000,       200,        0.0255,    1.43673288,   70.91000000,   70.91000000,    1.43673288,        16,      1000,         0,         10000,      2461,    0.00000000
10000,       200,        0.0493,    1.51031191,   66.29500000,   66.29500000,    1.51031191,        16,      1000,         0,         10000,      4277,    0.00000000
10000,       200,        0.0760,    1.57447813,   63.86000000,   63.86000000,    1.57447813,        16,      1000,         0,         10000,      6107,    0.00000000
10000,       200,        0.0258,    1.44003340,   71.20500000,   71.20500000,    1.44003340,        16,      1000,         0,         10000,      2485,    0.00000000
10000,       200,        0.1030,    1.63320274,   60.66500000,   60.66500000,    1.63320274,        16,      1000,         0,         10000,      7813,    0.00000000
10000,       200,        0.1325,    1.68574996,   57.18000000,   57.18000000,    1.68574996,        16,      1000,         0,         10000,      9511,    0.00000000
10000,       200,        0.0495,    1.51085845,   66.01500000,   66.01500000,    1.51085845,        16,      1000,         0,         10000,      4294,    0.00000000
10000,       200,        0.0260,    1.43954203,   70.98000000,   70.98000000,    1.43954203,        16,      1000,         0,         10000,      2503,    0.00000000
10000,       200,        0.0763,    1.57544508,   63.57000000,   63.57000000,    1.57544508,        16,      1000,         0,         10000,      6125,    0.00000000
10000,       200,        0.0498,    1.51211900,   66.41000000,   66.41000000,    1.51211900,        16,      1000,         0,         10000,      4314,    0.00000000
10000,       200,        0.0263,    1.43554032,   70.67000000,   70.67000000,    1.43554032,        16,      1000,         0,         10000,      2515,    0.00000000
10000,       200,        0.1033,    1.63177726,   60.98000000,   60.98000000,    1.63177726,        16,      1000,         0,         10000,      7819,    0.00000000
10000,       200,        0.1328,    1.68695222,   57.80000000,   57.80000000,    1.68695222,        16,      1000,         0,         10000,      9530,    0.00000000
10000,       200,        0.0765,    1.57573663,   63.64500000,   63.64500000,    1.57573663,        16,      1000,         0,         10000,      6141,    0.00000000
10000,       200,        0.0265,    1.43971879,   71.17000000,   71.17000000,    1.43971879,        16,      1000,         0,         10000,      2541,    0.00000000
10000,       200,        0.0500,    1.51180377,   66.13000000,   66.13000000,    1.51180377,        16,      1000,         0,         10000,      4329,    0.00000000
10000,       200,        0.1035,    1.63331915,   60.59000000,   60.59000000,    1.63331915,        16,      1000,         0,         10000,      7839,    0.00000000
10000,       200,        0.0267,    1.44124105,   70.76000000,   70.76000000,    1.44124105,        16,      1000,         0,         10000,      2562,    0.00000000
10000,       200,        0.0768,    1.57686654,   64.05500000,   64.05500000,    1.57686654,        16,      1000,         0,         10000,      6159,    0.00000000
10000,       200,        0.1330,    1.68661313,   57.39000000,   57.39000000,    1.68661313,        16,      1000,         0,         10000,      9539,    0.00000000
10000,       200,        0.0503,    1.51201745,   66.07000000,   66.07000000,    1.51201745,        16,      1000,         0,         10000,      4346,    0.00000000
10000,       200,        0.0270,    1.43826928,   70.58000000,   70.58000000,    1.43826928,        16,      1000,         0,         10000,      2576,    0.00000000
10000,       200,        0.0770,    1.57733488,   63.16000000,   63.16000000,    1.57733488,        16,      1000,         0,         10000,      6175,    0.00000000
10000,       200,        0.1038,    1.63631325,   61.20500000,   61.20500000,    1.63631325,        16,      1000,         0,         10000,      7866,    0.00000000
10000,       200,        0.0505,    1.51340924,   66.73000000,   66.73000000,    1.51340924,        16,      1000,         0,         10000,      4366,    0.00000000
10000,       200,        0.1333,    1.68720780,   57.70500000,   57.70500000,    1.68720780,        16,      1000,         0,         10000,      9554,    0.00000000
10000,       200,        0.0272,    1.43779808,   69.84500000,   69.84500000,    1.43779808,        16,      1000,         0,         10000,      2593,    0.00000000
10000,       200,        0.0508,    1.51416009,   66.42500000,   66.42500000,    1.51416009,        16,      1000,         0,         10000,      4384,    0.00000000
10000,       200,        0.0773,    1.57802151,   63.08500000,   63.08500000,    1.57802151,        16,      1000,         0,         10000,      6192,    0.00000000
10000,       200,        0.0275,    1.44182400,   71.52500000,   71.52500000,    1.44182400,        16,      1000,         0,         10000,      2619,    0.00000000
10000,       200,        0.1040,    1.63442193,   60.65000000,   60.65000000,    1.63442193,        16,      1000,         0,         10000,      7870,    0.00000000
10000,       200,        0.1335,    1.68885460,   57.67500000,   57.67500000,    1.68885460,        16,      1000,         0,         10000,      9575,    0.00000000
10000,       200,        0.0278,    1.44337974,   70.70500000,   70.70500000,    1.44337974,        16,      1000,         0,         10000,      2641,    0.00000000
10000,       200,        0.0510,    1.51477244,   66.57500000,   66.57500000,    1.51477244,        16,      1000,         0,         10000,      4402,    0.00000000
10000,       200,        0.0775,    1.57813421,   62.28500000,   62.28500000,    1.57813421,        16,      1000,         0,         10000,      6206,    0.00000000
10000,       200,        0.1043,    1.63409080,   60.38500000,   60.38500000,    1.63409080,        16,      1000,         0,         10000,      7881,    0.00000000
10000,       200,        0.0280,    1.44227257,   71.33500000,   71.33500000,    1.44227257,        16,      1000,         0,         10000,      2657,    0.00000000
10000,       200,        0.0513,    1.51642540,   66.55000000,   66.55000000,    1.51642540,        16,      1000,         0,         10000,      4423,    0.00000000
10000,       200,        0.1338,    1.68859364,   57.35500000,   57.35500000,    1.68859364,        16,      1000,         0,         10000,      9585,    0.00000000
10000,       200,        0.0778,    1.57865099,   62.96000000,   62.96000000,    1.57865099,        16,      1000,         0,         10000,      6223,    0.00000000
10000,       200,        0.0283,    1.44093695,   70.60000000,   70.60000000,    1.44093695,        16,      1000,         0,         10000,      2673,    0.00000000
10000,       200,        0.0515,    1.51439699,   66.48000000,   66.48000000,    1.51439699,        16,      1000,         0,         10000,      4433,    0.00000000
10000,       200,        0.1045,    1.63586398,   61.14500000,   61.14500000,    1.63586398,        16,      1000,         0,         10000,      7902,    0.00000000
10000,       200,        0.0285,    1.44274426,   71.04500000,   71.04500000,    1.44274426,        16,      1000,         0,         10000,      2695,    0.00000000
10000,       200,        0.0780,    1.57955898,   63.21500000,   63.21500000,    1.57955898,        16,      1000,         0,         10000,      6240,    0.00000000
10000,       200,        0.1340,    1.69000461,   57.40000000,   57.40000000,    1.69000461,        16,      1000,         0,         10000,      9604,    0.00000000
10000,       200,        0.0518,    1.51720395,   66.22000000,   66.22000000,    1.51720395,        16,      1000,         0,         10000,      4457,    0.00000000
10000,       200,        0.0288,    1.44561811,   71.20500000,   71.20500000,    1.44561811,        16,      1000,         0,         10000,      2718,    0.00000000
10000,       200,        0.1048,    1.63667891,   61.09000000,   61.09000000,    1.63667891,        16,      1000,         0,         10000,      7919,    0.00000000
10000,       200,        0.0783,    1.58070779,   63.14000000,   63.14000000,    1.58070779,        16,      1000,         0,         10000,      6259,    0.00000000
10000,       200,        0.0520,    1.51705804,   66.33000000,   66.33000000,    1.51705804,        16,      1000,         0,         10000,      4472,    0.00000000
10000,       200,        0.1343,    1.69046285,   57.99000000,   57.99000000,    1.69046285,        16,      1000,         0,         10000,      9618,    0.00000000
10000,       200,        0.0290,    1.44550478,   71.22500000,   71.22500000,    1.44550478,        16,      1000,         0,         10000,      2737,    0.00000000
10000,       200,        0.0785,    1.58176194,   62.71000000,   62.71000000,    1.58176194,        16,      1000,         0,         10000,      6277,    0.00000000
10000,       200,        0.0523,    1.51773031,   66.07000000,   66.07000000,    1.51773031,        16,      1000,         0,         10000,      4490,    0.00000000
10000,       200,        0.1050,    1.63644114,   60.65000000,   60.65000000,    1.63644114,        16,      1000,         0,         10000,      7930,    0.00000000
10000,       200,        0.0293,    1.44289646,   70.35000000,   70.35000000,    1.44289646,        16,      1000,         0,         10000,      2750,    0.00000000
10000,       200,        0.1345,    1.69217394,   57.43500000,   57.43500000,    1.69217394,        16,      1000,         0,         10000,      9639,    0.00000000
10000,       200,        0.0295,    1.44484662,   70.60000000,   70.60000000,    1.44484662,        16,      1000,         0,         10000,      2772,    0.00000000
10000,       200,        0.0525,    1.51731765,   65.95500000,   65.95500000,    1.51731765,        16,      1000,         0,         10000,      4505,    0.00000000
10000,       200,        0.0788,    1.58111808,   63.01500000,   63.01500000,    1.58111808,        16,      1000,         0,         10000,      6289,    0.00000000
10000,       200,        0.1053,    1.63669251,   60.74500000,   60.74500000,    1.63669251,        16,      1000,         0,         10000,      7944,    0.00000000
10000,       200,        0.0298,    1.44804272,   71.17000000,   71.17000000,    1.44804272,        16,      1000,         0,         10000,      2796,    0.00000000
10000,       200,        0.0528,    1.51743898,   66.16000000,   66.16000000,    1.51743898,        16,      1000,         0,         10000,      4521,    0.00000000
10000,       200,        0.1348,    1.69233857,   57.57000000,   57.57000000,    1.69233857,        16,      1000,         0,         10000,      9651,    0.00000000
10000,       200,        0.0790,    1.58289016,   62.81000000,   62.81000000,    1.58289016,        16,      1000,         0,         10000,      6310,    0.00000000
10000,       200,        0.0300,    1.44689188,   70.65500000,   70.65500000,    1.44689188,        16,      1000,         0,         10000,      2812,    0.00000000
10000,       200,        0.1055,    1.63690929,   60.68000000,   60.68000000,    1.63690929,        16,      1000,         0,         10000,      7958,    0.00000000
10000,       200,        0.0530,    1.51859535,   66.08000000,   66.08000000,    1.51859535,        16,      1000,         0,         10000,      4540,    0.00000000
10000,       200,        0.0793,    1.58333150,   62.28000000,   62.28000000,    1.58333150,        16,      1000,         0,         10000,      6325,    0.00000000
10000,       200,        0.1350,    1.69141665,   57.37000000,   57.37000000,    1.69141665,        16,      1000,         0,         10000,      9657,    0.00000000
10000,       200,        0.0533,    1.52045270,   66.74000000,   66.74000000,    1.52045270,        16,      1000,         0,         10000,      4562,    0.00000000
10000,       200,        0.1058,    1.63945423,   60.95000000,   60.95000000,    1.63945423,        16,      1000,         0,         10000,      7983,    0.00000000
10000,       200,        0.0795,    1.58275058,   63.02000000,   63.02000000,    1.58275058,        16,      1000,         0,         10000,      6337,    0.00000000
10000,       200,        0.1353,    1.69275138,   57.45500000,   57.45500000,    1.69275138,        16,      1000,         0,         10000,      9676,    0.00000000
10000,       200,        0.0535,    1.51937020,   66.33000000,   66.33000000,    1.51937020,        16,      1000,         0,         10000,      4574,    0.00000000
10000,       200,        0.1060,    1.63846063,   60.63500000,   60.63500000,    1.63846063,        16,      1000,         0,         10000,      7991,    0.00000000
10000,       200,        0.0798,    1.58434504,   63.24000000,   63.24000000,    1.58434504,        16,      1000,         0,         10000,      6357,    0.00000000
10000,       200,        0.0538,    1.52021228,   66.51000000,   66.51000000,    1.52021228,        16,      1000,         0,         10000,      4592,    0.00000000
10000,       200,        0.1355,    1.69270756,   57.59000000,   57.59000000,    1.69270756,        16,      1000,         0,         10000,      9687,    0.00000000
10000,       200,        0.0800,    1.58513174,   62.18000000,   62.18000000,    1.58513174,        16,      1000,         0,         10000,      6375,    0.00000000
10000,       200,        0.0540,    1.52118285,   65.63500000,   65.63500000,    1.52118285,        16,      1000,         0,         10000,      4611,    0.00000000
10000,       200,        0.1063,    1.63774869,   60.19500000,   60.19500000,    1.63774869,        16,      1000,         0,         10000,      8000,    0.00000000
10000,       200,        0.1358,    1.69361639,   57.18000000,   57.18000000,    1.69361639,        16,      1000,         0,         10000,      9704,    0.00000000
10000,       200,        0.0543,    1.52163295,   66.01500000,   66.01500000,    1.52163295,        16,      1000,         0,         10000,      4628,    0.00000000
10000,       200,        0.0803,    1.58577344,   62.80000000,   62.80000000,    1.58577344,        16,      1000,         0,         10000,      6391,    0.00000000
10000,       200,        0.1065,    1.63857916,   60.48500000,   60.48500000,    1.63857916,        16,      1000,         0,         10000,      8017,    0.00000000
10000,       200,        0.0545,    1.52102393,   65.71000000,   65.71000000,    1.52102393,        16,      1000,         0,         10000,      4642,    0.00000000
10000,       200,        0.0805,    1.58512363,   62.74500000,   62.74500000,    1.58512363,        16,      1000,         0,         10000,      6402,    0.00000000
10000,       200,        0.1360,    1.69527145,   57.97000000,   57.97000000,    1.69527145,        16,      1000,         0,         10000,      9725,    0.00000000
10000,       200,        0.1068,    1.63935407,   60.27500000,   60.27500000,    1.63935407,        16,      1000,         0,         10000,      8033,    0.00000000
10000,       200,        0.0548,    1.52240164,   65.63000000,   65.63000000,    1.52240164,        16,      1000,         0,         10000,      4662,    0.00000000
10000,       200,        0.0808,    1.58696277,   62.99000000,   62.99000000,    1.58696277,        16,      1000,         0,         10000,      6424,    0.00000000
10000,       200,        0.1363,    1.69415389,   57.25000000,   57.25000000,    1.69415389,        16,      1000,         0,         10000,      9730,    0.00000000
10000,       200,        0.0550,    1.52205714,   65.64000000,   65.64000000,    1.52205714,        16,      1000,         0,         10000,      4676,    0.00000000
10000,       200,        0.1070,    1.63925462,   60.80000000,   60.80000000,    1.63925462,        16,      1000,         0,         10000,      8045,    0.00000000
10000,       200,        0.0810,    1.58694387,   63.01000000,   63.01000000,    1.58694387,        16,      1000,         0,         10000,      6438,    0.00000000
10000,       200,        0.0553,    1.52445953,   66.78000000,   66.78000000,    1.52445953,        16,      1000,         0,         10000,      4699,    0.00000000
10000,       200,        0.1365,    1.69573509,   57.76500000,   57.76500000,    1.69573509,        16,      1000,         0,         10000,      9750,    0.00000000
10000,       200,        0.0813,    1.58781769,   62.84500000,   62.84500000,    1.58781769,        16,      1000,         0,         10000,      6455,    0.00000000
10000,       200,        0.1073,    1.64067114,   60.49000000,   60.49000000,    1.64067114,        16,      1000,         0,         10000,      8064,    0.00000000
10000,       200,        0.0555,    1.52370888,   66.46000000,   66.46000000,    1.52370888,        16,      1000,         0,         10000,      4713,    0.00000000
10000,       200,        0.1368,    1.69643591,   57.88000000,   57.88000000,    1.69643591,        16,      1000,         0,         10000,      9765,    0.00000000
10000,       200,        0.0815,    1.58881396,   63.04500000,   63.04500000,    1.58881396,        16,      1000,         0,         10000,      6473,    0.00000000
10000,       200,        0.0558,    1.52312790,   66.23000000,   66.23000000,    1.52312790,        16,      1000,         0,         10000,      4726,    0.00000000
10000,       200,        0.1075,    1.64085654,   60.37000000,   60.37000000,    1.64085654,        16,      1000,         0,         10000,      8078,    0.00000000
10000,       200,        0.0818,    1.59000046,   62.99500000,   62.99500000,    1.59000046,        16,      1000,         0,         10000,      6492,    0.00000000
10000,       200,        0.0560,    1.52545771,   65.98500000,   65.98500000,    1.52545771,        16,      1000,         0,         10000,      4749,    0.00000000
10000,       200,        0.1370,    1.69687275,   57.60500000,   57.60500000,    1.69687275,        16,      1000,         0,         10000,      9779,    0.00000000
10000,       200,        0.1078,    1.64096742,   60.70000000,   60.70000000,    1.64096742,        16,      1000,         0,         10000,      8091,    0.00000000
10000,       200,        0.0563,    1.52490110,   66.44000000,   66.44000000,    1.52490110,        16,      1000,         0,         10000,      4763,    0.00000000
10000,       200,        0.0820,    1.59002695,   63.61500000,   63.61500000,    1.59002695,        16,      1000,         0,         10000,      6506,    0.00000000
10000,       200,        0.1373,    1.69715745,   57.73500000,   57.73500000,    1.69715745,        16,      1000,         0,         10000,      9792,    0.00000000
10000,       200,        0.0565,    1.52490361,   66.22500000,   66.22500000,    1.52490361,        16,      1000,         0,         10000,      4778,    0.00000000
10000,       200,        0.1080,    1.64233651,   60.41500000,   60.41500000,    1.64233651,        16,      1000,         0,         10000,      8110,    0.00000000
10000,       200,        0.0823,    1.59054814,   62.62500000,   62.62500000,    1.59054814,        16,      1000,         0,         10000,      6522,    0.00000000
10000,       200,        0.1375,    1.69869016,   57.35000000,   57.35000000,    1.69869016,        16,      1000,         0,         10000,      9812,    0.00000000
10000,       200,        0.0568,    1.52643145,   66.17500000,   66.17500000,    1.52643145,        16,      1000,         0,         10000,      4799,    0.00000000
10000,       200,        0.0825,    1.59004359,   62.88000000,   62.88000000,    1.59004359,        16,      1000,         0,         10000,      6533,    0.00000000
10000,       200,        0.1083,    1.64205977,   60.30500000,   60.30500000,    1.64205977,        16,      1000,         0,         10000,      8121,    0.00000000
10000,       200,        0.0570,    1.52596345,   66.09500000,   66.09500000,    1.52596345,        16,      1000,         0,         10000,      4813,    0.00000000
10000,       200,        0.1378,    1.69840770,   57.57500000,   57.57500000,    1.69840770,        16,      1000,         0,         10000,      9822,    0.00000000
10000,       200,        0.0828,    1.59156862,   62.61000000,   62.61000000,    1.59156862,        16,      1000,         0,         10000,      6554,    0.00000000
10000,       200,        0.1085,    1.64264492,   60.38500000,   60.38500000,    1.64264492,        16,      1000,         0,         10000,      8137,    0.00000000
10000,       200,        0.0573,    1.52815166,   66.62000000,   66.62000000,    1.52815166,        16,      1000,         0,         10000,      4835,    0.00000000
10000,       200,        0.0830,    1.59224972,   63.08500000,   63.08500000,    1.59224972,        16,      1000,         0,         10000,      6570,    0.00000000
10000,       200,        0.1380,    1.69950554,   57.18000000,   57.18000000,    1.69950554,        16,      1000,         0,         10000,      9839,    0.00000000
10000,       200,        0.0575,    1.52693492,   66.51000000,   66.51000000,    1.52693492,        16,      1000,         0,         10000,      4847,    0.00000000
10000,       200,        0.1088,    1.64184565,   59.95500000,   59.95500000,    1.64184565,        16,      1000,         0,         10000,      8145,    0.00000000
10000,       200,        0.0833,    1.59444876,   62.88000000,   62.88000000,    1.59444876,        16,      1000,         0,         10000,      6593,    0.00000000
10000,       200,        0.0578,    1.52828688,   66.09000000,   66.09000000,    1.52828688,        16,      1000,         0,         10000,      4866,    0.00000000
10000,       200,        0.1383,    1.70201260,   57.91000000,   57.91000000,    1.70201260,        16,      1000,         0,         10000,      9865,    0.00000000
10000,       200,        0.1090,    1.64317107,   60.89500000,   60.89500000,    1.64317107,        16,      1000,         0,         10000,      8164,    0.00000000
10000,       200,        0.0580,    1.52683188,   66.12500000,   66.12500000,    1.52683188,        16,      1000,         0,         10000,      4877,    0.00000000
10000,       200,        0.0835,    1.59207261,   63.09500000,   63.09500000,    1.59207261,        16,      1000,         0,         10000,      6597,    0.00000000
10000,       200,        0.1385,    1.70105158,   57.52000000,   57.52000000,    1.70105158,        16,      1000,         0,         10000,      9871,    0.00000000
10000,       200,        0.0583,    1.52765158,   65.48000000,   65.48000000,    1.52765158,        16,      1000,         0,         10000,      4895,    0.00000000
10000,       200,        0.1093,    1.64543593,   60.89000000,   60.89000000,    1.64543593,        16,      1000,         0,         10000,      8188,    0.00000000
10000,       200,        0.0838,    1.59326410,   62.48500000,   62.48500000,    1.59326410,        16,      1000,         0,         10000,      6616,    0.00000000
10000,       200,        0.0585,    1.52925790,   66.43000000,   66.43000000,    1.52925790,        16,      1000,         0,         10000,      4915,    0.00000000
10000,       200,        0.1388,    1.70161141,   57.50000000,   57.50000000,    1.70161141,        16,      1000,         0,         10000,      9885,    0.00000000
10000,       200,        0.0840,    1.59479639,   62.46000000,   62.46000000,    1.59479639,        16,      1000,         0,         10000,      6636,    0.00000000
10000,       200,        0.1095,    1.64392897,   60.69500000,   60.69500000,    1.64392897,        16,      1000,         0,         10000,      8193,    0.00000000
10000,       200,        0.0588,    1.52939981,   66.84000000,   66.84000000,    1.52939981,        16,      1000,         0,         10000,      4931,    0.00000000
10000,       200,        0.0843,    1.59507857,   63.24500000,   63.24500000,    1.59507857,        16,      1000,         0,         10000,      6651,    0.00000000
10000,       200,        0.1390,    1.70136667,   57.78000000,   57.78000000,    1.70136667,        16,      1000,         0,         10000,      9895,    0.00000000
10000,       200,        0.1098,    1.64622197,   60.85000000,   60.85000000,    1.64622197,        16,      1000,         0,         10000,      8217,    0.00000000
10000,       200,        0.0590,    1.52872311,   65.76000000,   65.76000000,    1.52872311,        16,      1000,         0,         10000,      4944,    0.00000000
10000,       200,        0.0845,    1.59503018,   63.38500000,   63.38500000,    1.59503018,        16,      1000,         0,         10000,      6664,    0.00000000
10000,       200,        0.0593,    1.53140994,   66.52500000,   66.52500000,    1.53140994,        16,      1000,         0,         10000,      4968,    0.00000000
10000,       200,        0.1393,    1.70266090,   57.32000000,   57.32000000,    1.70266090,        16,      1000,         0,         10000,      9914,    0.00000000
10000,       200,        0.1100,    1.64502950,   60.26500000,   60.26500000,    1.64502950,        16,      1000,         0,         10000,      8223,    0.00000000
10000,       200,        0.0848,    1.59698788,   62.93000000,   62.93000000,    1.59698788,        16,      1000,         0,         10000,      6686,    0.00000000
10000,       200,        0.0595,    1.53131490,   66.28000000,   66.28000000,    1.53131490,        16,      1000,         0,         10000,      4983,    0.00000000
10000,       200,        0.1395,    1.70225696,   57.53500000,   57.53500000,    1.70225696,        16,      1000,         0,         10000,      9922,    0.00000000
10000,       200,        0.1103,    1.64557234,   59.84500000,   59.84500000,    1.64557234,        16,      1000,         0,         10000,      8238,    0.00000000
10000,       200,        0.0598,    1.53179010,   66.60500000,   66.60500000,    1.53179010,        16,      1000,         0,         10000,      5000,    0.00000000
10000,       200,        0.0850,    1.59597576,   62.48000000,   62.48000000,    1.59597576,        16,      1000,         0,         10000,      6696,    0.00000000
10000,       200,        0.1398,    1.70459522,   57.63500000,   57.63500000,    1.70459522,        16,      1000,         0,         10000,      9947,    0.00000000
10000,       200,        0.0600,    1.53255546,   66.70500000,   66.70500000,    1.53255546,        16,      1000,         0,         10000,      5018,    0.00000000
10000,       200,        0.0853,    1.59784316,   62.86500000,   62.86500000,    1.59784316,        16,      1000,         0,         10000,      6717,    0.00000000
10000,       200,        0.1105,    1.64649747,   60.54500000,   60.54500000,    1.64649747,        16,      1000,         0,         10000,      8255,    0.00000000
10000,       200,        0.1400,    1.70343955,   57.46500000,   57.46500000,    1.70343955,        16,      1000,         0,         10000,      9952,    0.00000000
10000,       200,        0.0855,    1.59748668,   62.73500000,   62.73500000,    1.59748668,        16,      1000,         0,         10000,      6729,    0.00000000
10000,       200,        0.1108,    1.64798839,   60.99500000,   60.99500000,    1.64798839,        16,      1000,         0,         10000,      8275,    0.00000000
10000,       200,        0.0858,    1.59858109,   62.85000000,   62.85000000,    1.59858109,        16,      1000,         0,         10000,      6747,    0.00000000
10000,       200,        0.1403,    1.70524817,   57.40500000,   57.40500000,    1.70524817,        16,      1000,         0,         10000,      9973,    0.00000000
10000,       200,        0.1110,    1.64631236,   60.09000000,   60.09000000,    1.64631236,        16,      1000,         0,         10000,      8279,    0.00000000
10000,       200,        0.0860,    1.59838221,   62.66000000,   62.66000000,    1.59838221,        16,      1000,         0,         10000,      6760,    0.00000000
10000,       200,        0.1405,    1.70642475,   57.65500000,   57.65500000,    1.70642475,        16,      1000,         0,         10000,      9991,    0.00000000
10000,       200,        0.1113,    1.64756386,   60.67500000,   60.67500000,    1.64756386,        16,      1000,         0,         10000,      8298,    0.00000000
10000,       200,        0.0863,    1.59946020,   62.93500000,   62.93500000,    1.59946020,        16,      1000,         0,         10000,      6778,    0.00000000
10000,       200,        0.1408,    1.70709081,   57.78000000,   57.78000000,    1.70709081,        16,      1000,         0,         10000,     10006,    0.00000000
10000,       200,        0.1115,    1.64755081,   60.25000000,   60.25000000,    1.64755081,        16,      1000,         0,         10000,      8310,    0.00000000
10000,       200,        0.0865,    1.59937494,   62.35000000,   62.35000000,    1.59937494,        16,      1000,         0,         10000,      6792,    0.00000000
10000,       200,        0.1410,    1.70540859,   57.13500000,   57.13500000,    1.70540859,        16,      1000,         0,         10000,     10008,    0.00000000
10000,       200,        0.0868,    1.60013327,   62.87500000,   62.87500000,    1.60013327,        16,      1000,         0,         10000,      6809,    0.00000000
10000,       200,        0.1118,    1.64747147,   60.37500000,   60.37500000,    1.64747147,        16,      1000,         0,         10000,      8322,    0.00000000
10000,       200,        0.0870,    1.60070522,   62.79500000,   62.79500000,    1.60070522,        16,      1000,         0,         10000,      6825,    0.00000000
10000,       200,        0.1413,    1.70748458,   57.52000000,   57.52000000,    1.70748458,        16,      1000,         0,         10000,     10031,    0.00000000
10000,       200,        0.1120,    1.64913573,   60.58500000,   60.58500000,    1.64913573,        16,      1000,         0,         10000,      8343,    0.00000000
10000,       200,        0.0873,    1.60226459,   62.94500000,   62.94500000,    1.60226459,        16,      1000,         0,         10000,      6845,    0.00000000
10000,       200,        0.1415,    1.70765981,   58.25500000,   58.25500000,    1.70765981,        16,      1000,         0,         10000,     10043,    0.00000000
10000,       200,        0.1123,    1.64934736,   60.42500000,   60.42500000,    1.64934736,        16,      1000,         0,         10000,      8356,    0.00000000
10000,       200,        0.0875,    1.60171372,   63.06000000,   63.06000000,    1.60171372,        16,      1000,         0,         10000,      6856,    0.00000000
10000,       200,        0.1418,    1.70968633,   57.76500000,   57.76500000,    1.70968633,        16,      1000,         0,         10000,     10066,    0.00000000
10000,       200,        0.1125,    1.64886957,   60.34500000,   60.34500000,    1.64886957,        16,      1000,         0,         10000,      8366,    0.00000000
10000,       200,        0.0878,    1.60250634,   62.38000000,   62.38000000,    1.60250634,        16,      1000,         0,         10000,      6873,    0.00000000
10000,       200,        0.1420,    1.70787562,   57.44500000,   57.44500000,    1.70787562,        16,      1000,         0,         10000,     10067,    0.00000000
10000,       200,        0.0880,    1.60325817,   63.10500000,   63.10500000,    1.60325817,        16,      1000,         0,         10000,      6890,    0.00000000
10000,       200,        0.1128,    1.65056081,   60.46500000,   60.46500000,    1.65056081,        16,      1000,         0,         10000,      8387,    0.00000000
10000,       200,        0.0883,    1.60389859,   62.50500000,   62.50500000,    1.60389859,        16,      1000,         0,         10000,      6906,    0.00000000
10000,       200,        0.1423,    1.70957297,   57.43500000,   57.43500000,    1.70957297,        16,      1000,         0,         10000,     10088,    0.00000000
10000,       200,        0.1130,    1.65006589,   60.58500000,   60.58500000,    1.65006589,        16,      1000,         0,         10000,      8397,    0.00000000
10000,       200,        0.0885,    1.60418027,   63.00500000,   63.00500000,    1.60418027,        16,      1000,         0,         10000,      6921,    0.00000000
10000,       200,        0.1425,    1.70912655,   57.34500000,   57.34500000,    1.70912655,        16,      1000,         0,         10000,     10096,    0.00000000
10000,       200,        0.1133,    1.65010021,   60.41000000,   60.41000000,    1.65010021,        16,      1000,         0,         10000,      8409,    0.00000000
10000,       200,        0.0888,    1.60464196,   62.48500000,   62.48500000,    1.60464196,        16,      1000,         0,         10000,      6936,    0.00000000
10000,       200,        0.1428,    1.71062524,   57.32500000,   57.32500000,    1.71062524,        16,      1000,         0,         10000,     10116,    0.00000000
10000,       200,        0.1135,    1.65029702,   60.09500000,   60.09500000,    1.65029702,        16,      1000,         0,         10000,      8422,    0.00000000
10000,       200,        0.0890,    1.60393427,   62.70000000,   62.70000000,    1.60393427,        16,      1000,         0,         10000,      6947,    0.00000000
10000,       200,        0.1430,    1.71059503,   57.52500000,   57.52500000,    1.71059503,        16,      1000,         0,         10000,     10127,    0.00000000
10000,       200,        0.0893,    1.60610004,   62.69500000,   62.69500000,    1.60610004,        16,      1000,         0,         10000,      6969,    0.00000000
10000,       200,        0.1138,    1.65114667,   60.40000000,   60.40000000,    1.65114667,        16,      1000,         0,         10000,      8439,    0.00000000
10000,       200,        0.1433,    1.71262712,   57.77500000,   57.77500000,    1.71262712,        16,      1000,         0,         10000,     10150,    0.00000000
10000,       200,        0.0895,    1.60459665,   62.77000000,   62.77000000,    1.60459665,        16,      1000,         0,         10000,      6976,    0.00000000
10000,       200,        0.1140,    1.65156598,   60.72000000,   60.72000000,    1.65156598,        16,      1000,         0,         10000,      8453,    0.00000000
10000,       200,        0.0898,    1.60706859,   62.62500000,   62.62500000,    1.60706859,        16,      1000,         0,         10000,      7000,    0.00000000
10000,       200,        0.1435,    1.71212039,   57.70500000,   57.70500000,    1.71212039,        16,      1000,         0,         10000,     10158,    0.00000000
10000,       200,        0.1143,    1.65174114,   60.46000000,   60.46000000,    1.65174114,        16,      1000,         0,         10000,      8466,    0.00000000
10000,       200,        0.0900,    1.60749489,   62.69000000,   62.69000000,    1.60749489,        16,      1000,         0,         10000,      7016,    0.00000000
10000,       200,        0.1438,    1.71224400,   57.26000000,   57.26000000,    1.71224400,        16,      1000,         0,         10000,     10170,    0.00000000
10000,       200,        0.1145,    1.65332320,   60.76500000,   60.76500000,    1.65332320,        16,      1000,         0,         10000,      8487,    0.00000000
10000,       200,        0.1440,    1.71192295,   57.29000000,   57.29000000,    1.71192295,        16,      1000,         0,         10000,     10179,    0.00000000
10000,       200,        0.1148,    1.65329098,   60.69000000,   60.69000000,    1.65329098,        16,      1000,         0,         10000,      8499,    0.00000000
10000,       200,        0.1443,    1.71432534,   57.34500000,   57.34500000,    1.71432534,        16,      1000,         0,         10000,     10204,    0.00000000
10000,       200,        0.1150,    1.65208943,   59.82000000,   59.82000000,    1.65208943,        16,      1000,         0,         10000,      8505,    0.00000000
10000,       200,        0.1445,    1.71386682,   57.32500000,   57.32500000,    1.71386682,        16,      1000,         0,         10000,     10212,    0.00000000
10000,       200,        0.1153,    1.65387640,   60.40500000,   60.40500000,    1.65387640,        16,      1000,         0,         10000,      8526,    0.00000000
10000,       200,        0.1448,    1.71456301,   57.59000000,   57.59000000,    1.71456301,        16,      1000,         0,         10000,     10228,    0.00000000
10000,       200,        0.1155,    1.65417067,   60.29000000,   60.29000000,    1.65417067,        16,      1000,         0,         10000,      8540,    0.00000000
10000,       200,        0.1450,    1.71442086,   57.59500000,   57.59500000,    1.71442086,        16,      1000,         0,         10000,     10238,    0.00000000
10000,       200,        0.1158,    1.65524639,   60.47000000,   60.47000000,    1.65524639,        16,      1000,         0,         10000,      8557,    0.00000000
10000,       200,        0.1453,    1.71662962,   57.15500000,   57.15500000,    1.71662962,        16,      1000,         0,         10000,     10262,    0.00000000
10000,       200,        0.1160,    1.65418282,   60.56500000,   60.56500000,    1.65418282,        16,      1000,         0,         10000,      8564,    0.00000000
10000,       200,        0.1455,    1.71613215,   57.30500000,   57.30500000,    1.71613215,        16,      1000,         0,         10000,     10270,    0.00000000
10000,       200,        0.1163,    1.65427457,   60.25500000,   60.25500000,    1.65427457,        16,      1000,         0,         10000,      8577,    0.00000000
10000,       200,        0.1458,    1.71843784,   57.74500000,   57.74500000,    1.71843784,        16,      1000,         0,         10000,     10295,    0.00000000
10000,       200,        0.1165,    1.65553889,   60.55500000,   60.55500000,    1.65553889,        16,      1000,         0,         10000,      8595,    0.00000000
10000,       200,        0.1460,    1.71852891,   57.32500000,   57.32500000,    1.71852891,        16,      1000,         0,         10000,     10306,    0.00000000
10000,       200,        0.1168,    1.65512919,   60.47000000,   60.47000000,    1.65512919,        16,      1000,         0,         10000,      8605,    0.00000000
10000,       200,        0.1463,    1.71867266,   57.33500000,   57.33500000,    1.71867266,        16,      1000,         0,         10000,     10318,    0.00000000
10000,       200,        0.1170,    1.65713472,   60.40000000,   60.40000000,    1.65713472,        16,      1000,         0,         10000,      8628,    0.00000000
10000,       200,        0.1465,    1.71823832,   57.28000000,   57.28000000,    1.71823832,        16,      1000,         0,         10000,     10326,    0.00000000
10000,       200,        0.1173,    1.65611288,   60.10500000,   60.10500000,    1.65611288,        16,      1000,         0,         10000,      8635,    0.00000000
10000,       200,        0.1468,    1.71959703,   57.61000000,   57.61000000,    1.71959703,        16,      1000,         0,         10000,     10345,    0.00000000
10000,       200,        0.1175,    1.65621611,   60.60000000,   60.60000000,    1.65621611,        16,      1000,         0,         10000,      8647,    0.00000000
10000,       200,        0.1470,    1.72011231,   57.78500000,   57.78500000,    1.72011231,        16,      1000,         0,         10000,     10359,    0.00000000
10000,       200,        0.1178,    1.65730199,   60.52500000,   60.52500000,    1.65730199,        16,      1000,         0,         10000,      8665,    0.00000000
10000,       200,        0.1473,    1.72091218,   57.44500000,   57.44500000,    1.72091218,        16,      1000,         0,         10000,     10375,    0.00000000
10000,       200,        0.1180,    1.65787098,   60.73000000,   60.73000000,    1.65787098,        16,      1000,         0,         10000,      8680,    0.00000000
10000,       200,        0.1475,    1.72113997,   57.33000000,   57.33000000,    1.72113997,        16,      1000,         0,         10000,     10387,    0.00000000
10000,       200,        0.1183,    1.65769443,   60.38500000,   60.38500000,    1.65769443,        16,      1000,         0,         10000,      8691,    0.00000000
10000,       200,        0.1478,    1.72171608,   57.69000000,   57.69000000,    1.72171608,        16,      1000,         0,         10000,     10402,    0.00000000
10000,       200,        0.1185,    1.65886007,   60.29500000,   60.29500000,    1.65886007,        16,      1000,         0,         10000,      8709,    0.00000000
10000,       200,        0.1480,    1.72210866,   57.41000000,   57.41000000,    1.72210866,        16,      1000,         0,         10000,     10415,    0.00000000
10000,       200,        0.1188,    1.65845035,   60.97500000,   60.97500000,    1.65845035,        16,      1000,         0,         10000,      8719,    0.00000000
10000,       200,        0.1483,    1.72347365,   57.47000000,   57.47000000,    1.72347365,        16,      1000,         0,         10000,     10434,    0.00000000
10000,       200,        0.1190,    1.65922304,   60.43500000,   60.43500000,    1.65922304,        16,      1000,         0,         10000,      8735,    0.00000000
10000,       200,        0.1485,    1.72357231,   57.44000000,   57.44000000,    1.72357231,        16,      1000,         0,         10000,     10446,    0.00000000
10000,       200,        0.1193,    1.66045252,   60.41000000,   60.41000000,    1.66045252,        16,      1000,         0,         10000,      8753,    0.00000000
10000,       200,        0.1488,    1.72340742,   57.40000000,   57.40000000,    1.72340742,        16,      1000,         0,         10000,     10455,    0.00000000
10000,       200,        0.1195,    1.65962516,   60.40000000,   60.40000000,    1.65962516,        16,      1000,         0,         10000,      8761,    0.00000000
10000,       200,        0.1490,    1.72447074,   57.61000000,   57.61000000,    1.72447074,        16,      1000,         0,         10000,     10473,    0.00000000
10000,       200,        0.1198,    1.66087219,   60.52000000,   60.52000000,    1.66087219,        16,      1000,         0,         10000,      8780,    0.00000000
10000,       200,        0.1493,    1.72430601,   57.34500000,   57.34500000,    1.72430601,        16,      1000,         0,         10000,     10483,    0.00000000
10000,       200,        0.1200,    1.66080562,   60.65000000,   60.65000000,    1.66080562,        16,      1000,         0,         10000,      8791,    0.00000000
10000,       200,        0.1495,    1.72469491,   57.55500000,   57.55500000,    1.72469491,        16,      1000,         0,         10000,     10496,    0.00000000
10000,       200,        0.1498,    1.72578837,   57.47000000,   57.47000000,    1.72578837,        16,      1000,         0,         10000,     10513,    0.00000000
10000,       200,        0.1500,    1.72661022,   57.64000000,   57.64000000,    1.72661022,        16,      1000,         0,         10000,     10529,    0.00000000
