code_n, n_tries,          qber,        f_mean,  c_iters_mean,  n_iters_mean,             R,  pass/s_n,  kost/p_n,   p_n_max,   correct/k_n,   discl_n,           FER 
10000,       200,        0.0003,    0.86496439,   14.72988506,   13.07500000,    0.77578819,         4,       730,         0,          9999,        28,    0.13000000
10000,       200,        0.0005,    1.14327937,   29.24864865,   28.75000000,    1.11636586,         4,       730,         0,          9999,        70,    0.07500000
10000,       200,        0.0302,    1.25220515,   33.00000000,   33.00000000,    1.24329873,         4,       730,         0,          9995,      2449,    0.81500000
10000,       200,        0.0602,    1.30127005,   29.00000000,   29.00000000,    1.29658843,         4,       730,         0,          9993,      4273,    0.93500000
10000,       200,        0.0008,    1.20554315,   33.12429379,   32.88000000,    1.17804522,         4,       730,         0,          9999,       106,    0.11500000
10000,       200,        0.0902,    1.33159736,   27.25000000,   27.54500000,    1.32642704,         4,       730,         0,          9991,      5823,    0.96000000
10000,       200,        0.1202,    1.37677577,   25.00000000,   25.00000000,    1.37602588,         4,       730,         0,          9988,      7298,    0.99500000
10000,       200,        0.0305,    1.25252590,   33.00000000,   33.00000000,    1.24279578,         4,       730,         0,          9995,      2466,    0.85500000
10000,       200,        0.0010,    1.14610324,   35.76063830,   35.89000000,    1.13624433,         4,       730,         0,          9999,       130,    0.06000000
10000,       200,        0.0013,    1.10902009,   34.68852459,   34.88500000,    1.09644458,         4,       730,         0,          9999,       153,    0.08500000
10000,       200,        0.0605,    1.30522269,   29.00000000,   29.00000000,    1.29830006,         4,       730,         0,          9992,      4299,    0.94000000
10000,       200,        0.0307,    1.25469006,   33.00000000,   33.00000000,    1.24766554,         4,       730,         0,          9995,      2486,    0.85000000
10000,       200,        0.0905,    1.32926594,   27.33333333,   27.49000000,    1.32590740,         4,       730,         0,          9990,      5824,    0.98500000
10000,       200,        0.0015,    1.15175215,   37.90285714,   38.14000000,    1.13631244,         4,       730,         0,          9999,       186,    0.12500000
10000,       200,        0.1205,    1.37802368,   25.00000000,   25.00000000,    1.37710996,         4,       730,         0,          9989,      7314,    0.98000000
10000,       200,        0.0018,    1.17740759,   39.69375000,   40.69000000,    1.15637632,         4,       730,         0,          9999,       218,    0.20000000
10000,       200,        0.0607,    1.30516012,   29.00000000,   29.00000000,    1.29867299,         4,       730,         0,          9992,      4312,    0.95500000
10000,       200,        0.0310,    1.25380492,   33.00000000,   33.00000000,    1.24713439,         4,       730,         0,          9995,      2499,    0.81500000
10000,       200,        0.0020,    1.15761914,   39.08139535,   39.36000000,    1.14417788,         4,       730,         0,          9999,       240,    0.14000000
10000,       200,        0.0907,    1.32942408,   26.75000000,   27.28000000,    1.32671432,         4,       730,         0,          9990,      5835,    0.98000000
10000,       200,        0.0312,    1.25236070,   33.00000000,   33.00000000,    1.24667831,         4,       730,         0,          9996,      2512,    0.83500000
10000,       200,        0.0023,    1.18058248,   39.99315068,   41.09000000,    1.15516402,         4,       730,         0,          9999,       271,    0.27000000
10000,       200,        0.0610,    1.30316552,   29.00000000,   29.00000000,    1.29805412,         4,       730,         0,          9992,      4318,    0.93000000
10000,       200,        0.1207,    1.37738901,   25.00000000,   25.00000000,    1.37668441,         4,       730,         0,          9989,      7321,    0.99000000
10000,       200,        0.0025,    1.15961844,   39.04216867,   39.90500000,    1.14709876,         4,       730,         0,          9999,       292,    0.17000000
10000,       200,        0.0315,    1.25270848,   33.00000000,   33.00000000,    1.24833926,         4,       730,         0,          9995,      2528,    0.84500000
10000,       200,        0.0027,    1.17521306,   39.81212121,   40.49000000,    1.16121997,         4,       730,         0,          9999,       321,    0.17500000
10000,       200,        0.0910,    1.32890280,   26.50000000,   26.56000000,    1.32714177,         4,       730,         0,          9990,      5844,    0.99000000
10000,       200,        0.0612,    1.30588704,   29.00000000,   29.00000000,    1.29718182,         4,       730,         0,          9992,      4340,    0.95000000
10000,       200,        0.0030,    1.16277716,   38.47468354,   39.51000000,    1.15220066,         4,       730,         0,          9999,       342,    0.21000000
10000,       200,        0.0318,    1.25715180,   33.00000000,   33.00000000,    1.25017051,         4,       730,         0,          9995,      2553,    0.84500000
10000,       200,        0.1210,    1.38060997,   25.00000000,   25.00000000,    1.37832242,         4,       730,         0,          9989,      7348,    0.99500000
10000,       200,        0.0033,    1.15422445,   39.00000000,   39.58500000,    1.14215286,         4,       730,         0,          9999,       364,    0.21500000
10000,       200,        0.0912,    1.33400374,   25.00000000,   25.00000000,    1.32629203,         4,       730,         0,          9990,      5878,    0.99500000
10000,       200,        0.0615,    1.30245359,   29.00000000,   29.00000000,    1.29880900,         4,       730,         0,          9993,      4342,    0.95500000
10000,       200,        0.0320,    1.25543658,   33.00000000,   32.98500000,    1.24887758,         4,       730,         0,          9995,      2565,    0.88000000
10000,       200,        0.0035,    1.16685668,   40.71895425,   41.53500000,    1.15470748,         4,       730,         0,          9999,       392,    0.23500000
10000,       200,        0.0037,    1.18458723,   39.79729730,   40.74500000,    1.17050989,         4,       730,         0,          9999,       421,    0.26000000
10000,       200,        0.0323,    1.25647162,   33.00000000,   33.00000000,    1.24813348,         4,       730,         0,          9995,      2582,    0.86000000
10000,       200,        0.0617,    1.30857228,   29.00000000,   29.00000000,    1.30055830,         4,       730,         0,          9993,      4375,    0.92000000
10000,       200,        0.1212,    1.38621686,   25.00000000,   25.00000000,    1.37777224,         4,       730,         0,          9989,      7387,    0.98000000
10000,       200,        0.0040,    1.17617117,   41.01342282,   41.52000000,    1.16180908,         4,       730,         0,          9999,       442,    0.25500000
10000,       200,        0.0915,    1.33195335,   25.00000000,   25.00000000,    1.32692794,         4,       730,         0,          9990,      5880,    0.98500000
10000,       200,        0.0325,    1.25877161,   32.96666667,   32.98000000,    1.24992317,         4,       730,         0,          9995,      2602,    0.85000000
10000,       200,        0.0043,    1.16573795,   39.84313725,   40.45000000,    1.15449574,         4,       730,         0,          9999,       461,    0.23500000
10000,       200,        0.0620,    1.30258371,   29.00000000,   29.00000000,    1.29897089,         4,       730,         0,          9992,      4368,    0.97500000
10000,       200,        0.0045,    1.17589030,   40.28666667,   40.78500000,    1.16614108,         4,       730,         0,          9999,       488,    0.25000000
10000,       200,        0.0917,    1.33017768,   25.00000000,   25.00000000,    1.32874723,         4,       730,         0,          9991,      5883,    0.97000000
10000,       200,        0.0328,    1.26105274,   33.00000000,   32.97500000,    1.25169220,         4,       730,         0,          9995,      2623,    0.84500000
10000,       200,        0.1215,    1.37578941,   25.00000000,   25.00000000,    1.37780850,         4,       730,         0,          9989,      7342,    0.98500000
10000,       200,        0.0048,    1.18732906,   40.50000000,   41.29000000,    1.17307625,         4,       730,         0,          9999,       516,    0.37000000
10000,       200,        0.0622,    1.30407531,   29.00000000,   29.00000000,    1.29999600,         4,       730,         0,          9993,      4385,    0.93500000
10000,       200,        0.0050,    1.18054242,   41.31617647,   41.81000000,    1.16588922,         4,       730,         0,          9999,       536,    0.32000000
10000,       200,        0.0330,    1.25677946,   32.96000000,   32.94000000,    1.25214082,         4,       730,         0,          9995,      2629,    0.87500000
10000,       200,        0.0920,    1.32720828,   25.00000000,   25.00000000,    1.32863568,         4,       730,         0,          9990,      5881,    0.99500000
10000,       200,        0.0053,    1.16678854,   40.28260870,   41.13500000,    1.15499477,         4,       730,         0,          9999,       552,    0.31000000
10000,       200,        0.1217,    1.38069037,   25.00000000,   25.00000000,    1.37815654,         4,       730,         0,          9989,      7378,    0.99500000
10000,       200,        0.0333,    1.25681133,   32.95000000,   32.90500000,    1.24992805,         4,       730,         0,          9995,      2644,    0.80000000
10000,       200,        0.0625,    1.30738112,   29.00000000,   29.00000000,    1.30057640,         4,       730,         0,          9992,      4409,    0.95500000
10000,       200,        0.0055,    1.17738066,   40.30821918,   40.74000000,    1.16886083,         4,       730,         0,          9999,       579,    0.27000000
10000,       200,        0.0057,    1.18466372,   38.93382353,   39.54500000,    1.17448798,         4,       730,         0,          9999,       604,    0.32000000
10000,       200,        0.0922,    1.32917127,   25.00000000,   25.00000000,    1.32839939,         4,       730,         0,          9990,      5900,    0.98500000
10000,       200,        0.0335,    1.25872105,   32.90000000,   32.86500000,    1.24997317,         4,       730,         0,          9995,      2664,    0.90000000
10000,       200,        0.0628,    1.30695953,   29.00000000,   29.00000000,    1.30227978,         4,       730,         0,          9993,      4421,    0.94500000
10000,       200,        0.0060,    1.18143538,   39.18110236,   39.44500000,    1.17035634,         4,       730,         0,          9999,       625,    0.36500000
10000,       200,        0.1220,    1.38847719,   25.00000000,   25.00000000,    1.37909173,         4,       730,         0,          9988,      7429,    0.99000000
10000,       200,        0.0338,    1.26237934,   32.53333333,   32.52500000,    1.25396859,         4,       730,         0,          9995,      2687,    0.85000000
10000,       200,        0.0063,    1.17675569,   39.28148148,   39.63500000,    1.16560243,         4,       730,         0,          9999,       644,    0.32500000
10000,       200,        0.0925,    1.33492252,   25.00000000,   25.00000000,    1.33023235,         4,       730,         0,          9990,      5937,    0.97500000
10000,       200,        0.0630,    1.30679192,   29.00000000,   29.00000000,    1.30184950,         4,       730,         0,          9993,      4433,    0.97000000
10000,       200,        0.0065,    1.18611915,   39.29365079,   39.81000000,    1.17221125,         4,       730,         0,          9998,       671,    0.37000000
10000,       200,        0.0340,    1.26039355,   32.10344828,   32.11000000,    1.25326838,         4,       730,         0,          9995,      2698,    0.85500000
10000,       200,        0.1222,    1.38206095,   25.00000000,   25.00000000,    1.37809581,         4,       730,         0,          9989,      7405,    0.99500000
10000,       200,        0.0068,    1.19338773,   39.56451613,   40.00000000,    1.18270665,         4,       730,         0,          9998,       696,    0.38000000
10000,       200,        0.0633,    1.30700796,   29.00000000,   29.00000000,    1.30133935,         4,       730,         0,          9993,      4446,    0.93500000
10000,       200,        0.0927,    1.33471219,   25.00000000,   25.00000000,    1.33095195,         4,       730,         0,          9990,      5947,    0.98000000
10000,       200,        0.0343,    1.26108691,   32.00000000,   32.00000000,    1.25137728,         4,       730,         0,          9995,      2714,    0.85500000
10000,       200,        0.0070,    1.18734752,   39.88800000,   40.24500000,    1.17647710,         4,       730,         0,          9998,       714,    0.37500000
10000,       200,        0.0073,    1.18511904,   39.87969925,   40.07000000,    1.17543745,         4,       730,         0,          9999,       734,    0.33500000
10000,       200,        0.0345,    1.26152311,   32.00000000,   32.00000000,    1.25246783,         4,       730,         0,          9995,      2730,    0.82500000
10000,       200,        0.1225,    1.39197316,   25.00000000,   25.00000000,    1.37948958,         4,       730,         0,          9989,      7468,    0.99500000
10000,       200,        0.0635,    1.31047575,   29.00000000,   29.00000000,    1.30110169,         4,       730,         0,          9991,      4471,    0.96500000
10000,       200,        0.0930,    1.33460665,   25.00000000,   25.00000000,    1.33078837,         4,       730,         0,          9991,      5957,    0.98000000
10000,       200,        0.0075,    1.19283509,   40.16071429,   40.39000000,    1.18069740,         4,       730,         0,          9998,       760,    0.44000000
10000,       200,        0.0348,    1.26446317,   32.00000000,   32.00000000,    1.25591170,         4,       730,         0,          9995,      2752,    0.83500000
10000,       200,        0.0077,    1.19972393,   39.53703704,   39.94500000,    1.18709161,         4,       730,         0,          9998,       785,    0.46000000
10000,       200,        0.0638,    1.31290567,   29.00000000,   29.00000000,    1.30325019,         4,       730,         0,          9992,      4492,    0.97000000
10000,       200,        0.0080,    1.19549507,   39.52100840,   39.99000000,    1.18428549,         4,       730,         0,          9998,       803,    0.40500000
10000,       200,        0.1227,    1.38845886,   25.00000000,   25.00000000,    1.37990827,         4,       730,         0,          9989,      7459,    0.99500000
10000,       200,        0.0932,    1.33180285,   25.00000000,   25.00000000,    1.33037143,         4,       730,         0,          9990,      5956,    0.97000000
10000,       200,        0.0350,    1.26055377,   31.96428571,   31.99500000,    1.25317000,         4,       730,         0,          9995,      2759,    0.86000000
10000,       200,        0.0083,    1.19049162,   39.00000000,   39.57500000,    1.17862554,         4,       730,         0,          9998,       820,    0.46500000
10000,       200,        0.0640,    1.31132150,   29.00000000,   29.00000000,    1.30193581,         4,       730,         0,          9992,      4499,    0.95500000
10000,       200,        0.0353,    1.26386060,   32.00000000,   32.00000000,    1.25449698,         4,       730,         0,          9994,      2781,    0.91500000
10000,       200,        0.0085,    1.19511467,   38.84070796,   39.27500000,    1.18372654,         4,       730,         0,          9998,       844,    0.43500000
10000,       200,        0.0935,    1.33368091,   25.00000000,   25.00000000,    1.33149363,         4,       730,         0,          9990,      5975,    0.97000000
10000,       200,        0.1230,    1.37863538,   25.00000000,   25.00000000,    1.38010957,         4,       730,         0,          9988,      7416,    0.99500000
10000,       200,        0.0088,    1.20191732,   39.16504854,   39.48000000,    1.18907142,         4,       730,         0,          9998,       870,    0.48500000
10000,       200,        0.0643,    1.30750772,   29.00000000,   29.00000000,    1.30215156,         4,       730,         0,          9992,      4499,    0.93500000
10000,       200,        0.0355,    1.26304076,   32.00000000,   32.00000000,    1.25511738,         4,       730,         0,          9995,      2794,    0.88000000
10000,       200,        0.0090,    1.19932621,   38.98245614,   39.33500000,    1.18792577,         4,       730,         0,          9998,       888,    0.43000000
10000,       200,        0.0358,    1.26406198,   32.00000000,   32.00000000,    1.25688106,         4,       730,         0,          9995,      2811,    0.86000000
10000,       200,        0.0938,    1.33737468,   25.00000000,   25.00000000,    1.33240436,         4,       730,         0,          9990,      6003,    0.99000000
10000,       200,        0.0645,    1.30570456,   29.00000000,   29.00000000,    1.30412365,         4,       730,         0,          9993,      4505,    0.95000000
10000,       200,        0.0093,    1.20150778,   38.59322034,   39.12500000,    1.19249273,         4,       730,         0,          9998,       910,    0.41000000
10000,       200,        0.1232,    1.38137165,   25.00000000,   25.00000000,    1.38063924,         4,       730,         0,          9989,      7440,    0.99000000
10000,       200,        0.0095,    1.19807021,   39.02439024,   39.35000000,    1.18917608,         4,       730,         0,          9998,       928,    0.38500000
10000,       200,        0.0360,    1.26364647,   32.00000000,   32.00000000,    1.25614563,         4,       730,         0,          9994,      2826,    0.87500000
10000,       200,        0.0648,    1.31339634,   29.00000000,   29.00000000,    1.30489247,         4,       730,         0,          9992,      4544,    0.97500000
10000,       200,        0.0940,    1.33438678,   25.00000000,   25.00000000,    1.33213519,         4,       730,         0,          9991,      6000,    0.98000000
10000,       200,        0.0097,    1.20285238,   39.24210526,   39.53000000,    1.19198868,         4,       730,         0,          9998,       951,    0.52500000
10000,       200,        0.0363,    1.26448980,   32.00000000,   32.00000000,    1.25680243,         4,       730,         0,          9994,      2842,    0.84500000
10000,       200,        0.1235,    1.38391747,   25.00000000,   25.00000000,    1.38001639,         4,       730,         0,          9989,      7464,    0.99500000
10000,       200,        0.0100,    1.19950637,   38.84158416,   39.29500000,    1.18893145,         4,       730,         0,          9998,       969,    0.49500000
10000,       200,        0.0650,    1.30785151,   29.00000000,   29.00000000,    1.30351265,         4,       730,         0,          9992,      4538,    0.95500000
10000,       200,        0.0365,    1.26257570,   32.00000000,   32.00000000,    1.25709724,         4,       730,         0,          9995,      2853,    0.88500000
10000,       200,        0.0103,    1.19358627,   38.87272727,   39.19500000,    1.18564332,         4,       730,         0,          9998,       984,    0.45000000
10000,       200,        0.0943,    0.00000000,    0.00000000,   25.00000000,    1.33321198,         4,       730,         0,          9991,         0,    1.00000000
10000,       200,        0.0105,    1.20016215,   39.13978495,   39.34000000,    1.19023819,         4,       730,         0,          9998,      1009,    0.53500000
10000,       200,        0.0368,    1.26613606,   32.00000000,   32.00000000,    1.25778172,         4,       730,         0,          9995,      2876,    0.87000000
10000,       200,        0.1237,    1.38312570,   25.00000000,   25.00000000,    1.38097958,         4,       730,         0,          9989,      7469,    0.99000000
10000,       200,        0.0653,    1.30876637,   29.00000000,   29.00000000,    1.30311745,         4,       730,         0,          9992,      4553,    0.98000000
10000,       200,        0.0108,    1.20402121,   38.76595745,   39.13500000,    1.19236893,         4,       730,         0,          9998,      1032,    0.53000000
10000,       200,        0.0945,    1.33809132,   25.00000000,   25.00000000,    1.33338507,         4,       730,         0,          9990,      6039,    0.99500000
10000,       200,        0.0370,    1.26376021,   32.00000000,   32.00000000,    1.25791266,         4,       730,         0,          9995,      2885,    0.81000000
10000,       200,        0.0110,    1.19747943,   38.35106383,   38.76000000,    1.18790177,         4,       730,         0,          9998,      1046,    0.53000000
10000,       200,        0.0655,    1.30674396,   29.00000000,   29.00000000,    1.30412144,         4,       730,         0,          9992,      4559,    0.96000000
10000,       200,        0.1240,    1.38437233,   25.00000000,   25.00000000,    1.38155403,         4,       730,         0,          9989,      7486,    0.98000000
10000,       200,        0.0112,    1.19727936,   37.42990654,   37.53000000,    1.18680476,         4,       730,         0,          9998,      1065,    0.46500000
10000,       200,        0.0373,    1.26576302,   32.00000000,   32.00000000,    1.26003184,         4,       730,         0,          9995,      2905,    0.80500000
10000,       200,        0.0948,    1.33346886,   25.00000000,   25.00000000,    1.33437900,         4,       730,         0,          9990,      6029,    0.98000000
10000,       200,        0.0658,    1.31097079,   29.00000000,   29.00000000,    1.30513686,         4,       730,         0,          9992,      4586,    0.95500000
10000,       200,        0.0115,    1.20247727,   36.88000000,   36.95500000,    1.18912087,         4,       730,         0,          9998,      1089,    0.62500000
10000,       200,        0.0375,    1.26361161,   32.00000000,   32.00000000,    1.25708273,         4,       730,         0,          9994,      2915,    0.91000000
10000,       200,        0.0118,    1.20567711,   36.55555556,   36.82000000,    1.19356309,         4,       730,         0,          9997,      1111,    0.59500000
10000,       200,        0.1242,    1.37875362,   25.00000000,   25.00000000,    1.38098773,         4,       730,         0,          9989,      7465,    0.98500000
10000,       200,        0.0950,    1.33433037,   25.00000000,   25.00000000,    1.33376297,         4,       730,         0,          9990,      6043,    0.98000000
10000,       200,        0.0660,    1.31251166,   29.00000000,   29.00000000,    1.30588853,         4,       730,         0,          9992,      4604,    0.94000000
10000,       200,        0.0378,    1.26721681,   32.00000000,   32.00000000,    1.25916876,         4,       730,         0,          9995,      2938,    0.91500000
10000,       200,        0.0120,    1.20614759,   36.70000000,   36.86500000,    1.19525483,         4,       730,         0,          9998,      1131,    0.55000000
10000,       200,        0.0123,    1.20155544,   36.71578947,   36.86500000,    1.19131252,         4,       730,         0,          9998,      1145,    0.52500000
10000,       200,        0.0380,    1.26899183,   32.00000000,   32.00000000,    1.25839806,         4,       730,         0,          9994,      2957,    0.88000000
10000,       200,        0.0663,    1.31051196,   29.00000000,   28.99000000,    1.30516189,         4,       730,         0,          9991,      4610,    0.95500000
10000,       200,        0.0953,    1.33732960,   25.00000000,   25.00000000,    1.33473239,         4,       730,         0,          9990,      6068,    0.97500000
10000,       200,        0.1245,    1.37885720,   25.00000000,   25.00000000,    1.38116372,         4,       730,         0,          9989,      7475,    0.97500000
10000,       200,        0.0125,    1.20752248,   36.68604651,   36.86500000,    1.19720431,         4,       730,         0,          9998,      1170,    0.57000000
10000,       200,        0.0383,    1.26528291,   32.00000000,   32.00000000,    1.25931560,         4,       730,         0,          9995,      2963,    0.90500000
10000,       200,        0.0128,    1.21355349,   36.80000000,   36.91000000,    1.20093581,         4,       730,         0,          9997,      1195,    0.55000000
10000,       200,        0.0665,    1.31193059,   29.00000000,   28.99500000,    1.30595567,         4,       730,         0,          9992,      4627,    0.96000000
10000,       200,        0.0955,    1.33766404,   25.00000000,   25.00000000,    1.33542862,         4,       730,         0,          9990,      6080,    0.96500000
10000,       200,        0.0130,    1.21118369,   36.80000000,   36.91000000,    1.20119411,         4,       730,         0,          9998,      1212,    0.55000000
10000,       200,        0.1247,    1.37929419,   25.00000000,   25.00000000,    1.38298635,         4,       730,         0,          9989,      7487,    0.98500000
10000,       200,        0.0385,    1.26842903,   31.94736842,   31.99500000,    1.25987393,         4,       730,         0,          9995,      2985,    0.90500000
10000,       200,        0.0668,    1.31238091,   29.00000000,   28.99500000,    1.30683253,         4,       730,         0,          9992,      4641,    0.94000000
10000,       200,        0.0133,    1.20899829,   36.72727273,   36.86500000,    1.19898917,         4,       730,         0,          9998,      1228,    0.50500000
10000,       200,        0.0388,    1.26787791,   32.00000000,   32.00000000,    1.26085830,         4,       730,         0,          9995,      2998,    0.86000000
10000,       200,        0.0958,    1.33889128,   25.00000000,   25.00000000,    1.33679741,         4,       730,         0,          9990,      6097,    0.98500000
10000,       200,        0.0135,    1.21177602,   36.90816327,   36.91000000,    1.20158720,         4,       730,         0,          9998,      1250,    0.51000000
10000,       200,        0.1250,    1.38331344,   25.00000000,   25.00000000,    1.38255732,         4,       730,         0,          9989,      7519,    0.97500000
10000,       200,        0.0670,    1.31275898,   29.00000000,   28.97500000,    1.30551053,         4,       730,         0,          9991,      4655,    0.97500000
10000,       200,        0.0390,    1.26461335,   31.94594595,   31.99000000,    1.26053539,         4,       730,         0,          9995,      3005,    0.81500000
10000,       200,        0.0138,    1.21729591,   36.90217391,   36.95500000,    1.20698364,         4,       730,         0,          9998,      1274,    0.54000000
10000,       200,        0.0960,    1.34024249,   25.00000000,   25.00000000,    1.33694669,         4,       730,         0,          9990,      6114,    0.99500000
10000,       200,        0.0140,    1.21217184,   36.80219780,   36.91000000,    1.20348692,         4,       730,         0,          9997,      1288,    0.54500000
10000,       200,        0.0393,    1.26901540,   32.00000000,   31.99500000,    1.26130431,         4,       730,         0,          9995,      3030,    0.89500000
10000,       200,        0.0673,    1.31270445,   29.00000000,   28.92000000,    1.30688807,         4,       730,         0,          9992,      4667,    0.97000000
10000,       200,        0.1253,    1.37873793,   25.00000000,   25.00000000,    1.38229134,         4,       730,         0,          9989,      7504,    0.99000000
10000,       200,        0.0143,    1.21169045,   36.77500000,   36.90500000,    1.20110884,         4,       730,         0,          9997,      1306,    0.60000000
10000,       200,        0.0395,    1.26583990,   32.00000000,   31.99500000,    1.25981378,         4,       730,         0,          9995,      3037,    0.89500000
10000,       200,        0.0963,    1.34553075,   25.00000000,   25.00000000,    1.33627571,         4,       730,         0,          9990,      6149,    0.97000000
10000,       200,        0.0145,    1.21609203,   36.76923077,   36.90000000,    1.20586492,         4,       730,         0,          9997,      1329,    0.61000000
10000,       200,        0.0675,    1.30975714,   29.00000000,   28.89000000,    1.30745155,         4,       730,         0,          9992,      4669,    0.97500000
10000,       200,        0.0148,    1.22010667,   36.97468354,   36.99000000,    1.20991856,         4,       730,         0,          9997,      1352,    0.60500000
10000,       200,        0.0398,    1.27030046,   32.00000000,   31.99000000,    1.26221273,         4,       730,         0,          9995,      3063,    0.90500000
10000,       200,        0.1255,    1.39225690,   25.00000000,   25.00000000,    1.38328326,         4,       730,         0,          9989,      7587,    0.98500000
10000,       200,        0.0678,    1.31277991,   28.80000000,   28.70500000,    1.30813197,         4,       730,         0,          9992,      4692,    0.97500000
10000,       200,        0.0965,    1.33048891,   25.00000000,   25.00000000,    1.33748758,         4,       730,         0,          9990,      6091,    0.99500000
10000,       200,        0.0150,    1.21909273,   36.81250000,   36.93500000,    1.20558156,         4,       730,         0,          9997,      1369,    0.68000000
10000,       200,        0.0400,    1.26513915,   32.00000000,   32.00000000,    1.26010046,         4,       730,         0,          9994,      3065,    0.89500000
10000,       200,        0.0152,    1.21590609,   36.90909091,   36.94000000,    1.20834889,         4,       730,         0,          9998,      1384,    0.50500000
10000,       200,        0.1258,    1.38555388,   25.00000000,   25.00000000,    1.38341338,         4,       730,         0,          9989,      7560,    0.99000000
10000,       200,        0.0680,    1.31526184,   28.60000000,   28.57000000,    1.30629041,         4,       730,         0,          9992,      4714,    0.95000000
10000,       200,        0.0403,    1.26811898,   32.00000000,   32.00000000,    1.26129830,         4,       730,         0,          9994,      3087,    0.86500000
10000,       200,        0.0968,    1.34036083,   25.00000000,   25.00000000,    1.33794264,         4,       730,         0,          9989,      6147,    0.99500000
10000,       200,        0.0155,    1.22005190,   36.73684211,   36.88000000,    1.20976346,         4,       730,         0,          9997,      1407,    0.62000000
10000,       200,        0.0158,    1.22549216,   36.94285714,   36.95500000,    1.21208434,         4,       730,         0,          9997,      1432,    0.65000000
10000,       200,        0.0405,    1.26792340,   32.00000000,   31.99000000,    1.26017258,         4,       730,         0,          9994,      3101,    0.88500000
10000,       200,        0.0683,    1.31348763,   28.26666667,   28.23000000,    1.30720468,         4,       730,         0,          9992,      4720,    0.92500000
10000,       200,        0.1260,    1.38286621,   25.00000000,   25.00000000,    1.38402935,         4,       730,         0,          9989,      7555,    0.99000000
10000,       200,        0.0160,    1.22334166,   36.86250000,   36.88000000,    1.21220098,         4,       730,         0,          9997,      1447,    0.60000000
10000,       200,        0.0970,    0.00000000,    0.00000000,   25.00000000,    1.33764381,         4,       730,         0,          9989,         0,    1.00000000
10000,       200,        0.0408,    1.26931034,   32.00000000,   32.00000000,    1.26290284,         4,       730,         0,          9994,      3118,    0.89000000
10000,       200,        0.0685,    1.31101551,   28.00000000,   28.00000000,    1.30776268,         4,       730,         0,          9991,      4723,    0.97500000
10000,       200,        0.0163,    1.21937031,   36.73972603,   36.77500000,    1.21046167,         4,       730,         0,          9997,      1461,    0.63500000
10000,       200,        0.0410,    1.26843238,   32.00000000,   31.98000000,    1.26068975,         4,       730,         0,          9994,      3131,    0.85000000
10000,       200,        0.0165,    1.22273585,   36.61428571,   36.66500000,    1.21193706,         4,       730,         0,          9997,      1483,    0.65000000
10000,       200,        0.0973,    1.33936763,   25.00000000,   25.00000000,    1.33902648,         4,       730,         0,          9990,      6164,    0.99500000
10000,       200,        0.1263,    1.38932719,   25.00000000,   25.00000000,    1.38322826,         4,       730,         0,          9989,      7600,    0.99000000
10000,       200,        0.0688,    1.31316590,   28.00000000,   28.00000000,    1.30941494,         4,       730,         0,          9992,      4743,    0.95000000
10000,       200,        0.0168,    1.22814858,   36.13636364,   36.36000000,    1.21773219,         4,       730,         0,          9997,      1507,    0.67000000
10000,       200,        0.0413,    1.26745730,   31.92592593,   31.98000000,    1.26220225,         4,       730,         0,          9994,      3143,    0.86500000
10000,       200,        0.0975,    1.34484313,   25.00000000,   25.00000000,    1.33920347,         4,       730,         0,          9990,      6200,    0.99500000
10000,       200,        0.0170,    1.22291870,   35.78947368,   35.99000000,    1.21434520,         4,       730,         0,          9997,      1519,    0.62000000
10000,       200,        0.0690,    1.31481323,   28.00000000,   28.00000000,    1.30940985,         4,       730,         0,          9992,      4762,    0.92500000
10000,       200,        0.1265,    1.38600673,   25.00000000,   25.00000000,    1.38416012,         4,       730,         0,          9989,      7592,    0.98500000
10000,       200,        0.0415,    1.26870092,   31.93750000,   31.99000000,    1.26133422,         4,       730,         0,          9994,      3160,    0.92000000
10000,       200,        0.0173,    1.22772646,   35.98734177,   35.98500000,    1.21877364,         4,       730,         0,          9997,      1543,    0.60500000
10000,       200,        0.0418,    1.26875763,   32.00000000,   31.97000000,    1.26153239,         4,       730,         0,          9993,      3175,    0.94500000
10000,       200,        0.0978,    1.34597192,   25.00000000,   25.00000000,    1.33964914,         4,       730,         0,          9989,      6216,    0.99500000
10000,       200,        0.0693,    1.31163384,   28.00000000,   28.00000000,    1.30847077,         4,       730,         0,          9991,      4762,    0.93000000
10000,       200,        0.0175,    1.22405495,   35.96923077,   35.99000000,    1.21515788,         4,       730,         0,          9997,      1556,    0.67500000
10000,       200,        0.1268,    1.38461124,   25.00000000,   25.00000000,    1.38515185,         4,       730,         0,          9989,      7594,    0.99500000
10000,       200,        0.0178,    1.22855896,   35.97222222,   35.98000000,    1.21845723,         4,       730,         0,          9997,      1580,    0.64000000
10000,       200,        0.0420,    1.26577170,   31.95454545,   31.97000000,    1.26237258,         4,       730,         0,          9995,      3182,    0.89000000
10000,       200,        0.0695,    1.31583836,   28.00000000,   28.00000000,    1.30938467,         4,       730,         0,          9992,      4790,    0.96000000
10000,       200,        0.0980,    1.34767619,   25.00000000,   25.00000000,    1.34108732,         4,       730,         0,          9990,      6234,    0.98500000
10000,       200,        0.0180,    1.22446835,   35.70588235,   35.90000000,    1.21535755,         4,       730,         0,          9997,      1592,    0.66000000
10000,       200,        0.0423,    1.26822667,   31.92307692,   31.97000000,    1.26226602,         4,       730,         0,          9994,      3202,    0.93500000
10000,       200,        0.1270,    1.38358554,   25.00000000,   25.00000000,    1.38439952,         4,       730,         0,          9989,      7598,    0.99500000
10000,       200,        0.0183,    1.22710446,   35.93333333,   35.96500000,    1.21843391,         4,       730,         0,          9997,      1613,    0.62500000
10000,       200,        0.0698,    1.31501317,   28.00000000,   28.00000000,    1.31009066,         4,       730,         0,          9992,      4799,    0.94000000
10000,       200,        0.0425,    1.26951854,   31.95454545,   31.94500000,    1.26258153,         4,       730,         0,          9994,      3220,    0.89000000
10000,       200,        0.0983,    1.33765321,   25.00000000,   25.00000000,    1.34065155,         4,       730,         0,          9990,      6199,    0.99500000
10000,       200,        0.0185,    1.22767003,   35.97101449,   35.96000000,    1.21879304,         4,       730,         0,          9997,      1631,    0.65500000
10000,       200,        0.0700,    1.31336389,   28.00000000,   28.00000000,    1.31116013,         4,       730,         0,          9992,      4805,    0.94500000
10000,       200,        0.0187,    1.22840957,   35.90000000,   35.96000000,    1.21956912,         4,       730,         0,          9997,      1650,    0.70000000
10000,       200,        0.0428,    1.26981365,   31.94117647,   31.94000000,    1.26313094,         4,       730,         0,          9994,      3235,    0.91500000
10000,       200,        0.1273,    1.38420129,   25.00000000,   25.00000000,    1.38497787,         4,       730,         0,          9990,      7611,    0.99500000
10000,       200,        0.0985,    1.34495824,   25.00000000,   25.00000000,    1.34108402,         4,       730,         0,          9990,      6243,    0.97500000
10000,       200,        0.0190,    1.22741380,   35.81428571,   35.92500000,    1.21771068,         4,       730,         0,          9997,      1666,    0.65000000
10000,       200,        0.0430,    1.27093986,   32.00000000,   31.92500000,    1.26317446,         4,       730,         0,          9994,      3252,    0.90500000
10000,       200,        0.0703,    1.32054571,   28.00000000,   28.00000000,    1.31075440,         4,       730,         0,          9991,      4844,    0.99000000
10000,       200,        0.0192,    1.22444662,   35.93939394,   35.97500000,    1.21570048,         4,       730,         0,          9997,      1680,    0.67000000
10000,       200,        0.1275,    1.39440809,   25.00000000,   25.00000000,    1.38605268,         4,       730,         0,          9989,      7676,    0.97500000
10000,       200,        0.0988,    1.34445652,   25.00000000,   25.00000000,    1.34199104,         4,       730,         0,          9990,      6252,    0.98500000
10000,       200,        0.0433,    1.26843654,   31.64000000,   31.86500000,    1.26369724,         4,       730,         0,          9994,      3259,    0.87500000
10000,       200,        0.0195,    1.22669480,   35.89230769,   35.93000000,    1.21924493,         4,       730,         0,          9997,      1700,    0.67500000
10000,       200,        0.0705,    1.31629058,   28.00000000,   28.00000000,    1.31008784,         4,       730,         0,          9991,      4841,    0.96500000
10000,       200,        0.0198,    1.23158887,   35.86666667,   35.93000000,    1.22165561,         4,       730,         0,          9997,      1724,    0.70000000
10000,       200,        0.0435,    1.26549669,   31.72222222,   31.90000000,    1.26146383,         4,       730,         0,          9994,      3266,    0.91000000
10000,       200,        0.1278,    1.38869966,   25.00000000,   25.00000000,    1.38564833,         4,       730,         0,          9988,      7655,    0.99500000
10000,       200,        0.0990,    1.33958004,   25.00000000,   25.00000000,    1.34227960,         4,       730,         0,          9990,      6240,    0.99500000
10000,       200,        0.0708,    1.31751403,   28.00000000,   28.00000000,    1.31350990,         4,       730,         0,          9992,      4857,    0.95500000
10000,       200,        0.0200,    1.22596862,   35.88333333,   35.91000000,    1.21845899,         4,       730,         0,          9997,      1734,    0.70000000
10000,       200,        0.0438,    1.27279706,   31.84615385,   31.85000000,    1.26314478,         4,       730,         0,          9994,      3299,    0.93500000
10000,       200,        0.0203,    1.22475451,   35.87037037,   35.89000000,    1.21695010,         4,       730,         0,          9997,      1749,    0.73000000
10000,       200,        0.0710,    1.32208136,   28.00000000,   28.00000000,    1.31221106,         4,       730,         0,          9992,      4887,    0.97500000
10000,       200,        0.0993,    1.34642445,   25.00000000,   25.00000000,    1.34212110,         4,       730,         0,          9990,      6282,    0.97500000
10000,       200,        0.1280,    1.38614207,   25.00000000,   25.00000000,    1.38597176,         4,       730,         0,          9989,      7650,    0.99000000
10000,       200,        0.0440,    1.26793165,   31.88235294,   31.84000000,    1.26210613,         4,       730,         0,          9994,      3300,    0.91500000
10000,       200,        0.0205,    1.22922376,   35.91379310,   35.91000000,    1.22160983,         4,       730,         0,          9997,      1773,    0.71000000
10000,       200,        0.0713,    1.31890988,   28.00000000,   28.00000000,    1.31259531,         4,       730,         0,          9991,      4887,    0.99000000
10000,       200,        0.0443,    1.26890939,   31.43750000,   31.70500000,    1.26330315,         4,       730,         0,          9994,      3317,    0.92000000
10000,       200,        0.0208,    1.23083524,   35.62500000,   35.78000000,    1.22082765,         4,       730,         0,          9996,      1792,    0.76000000
10000,       200,        0.0995,    1.34411298,   25.00000000,   25.00000000,    1.34299405,         4,       730,         0,          9990,      6282,    0.98000000
10000,       200,        0.1283,    1.38691044,   25.00000000,   25.00000000,    1.38565853,         4,       730,         0,          9989,      7664,    0.98500000
10000,       200,        0.0210,    1.22880263,   35.90163934,   35.85000000,    1.22014132,         4,       730,         0,          9997,      1806,    0.69500000
10000,       200,        0.0445,    1.26955732,   31.56250000,   31.63000000,    1.26167236,         4,       730,         0,          9994,      3333,    0.92000000
10000,       200,        0.0715,    1.31825860,   28.00000000,   28.00000000,    1.31236871,         4,       730,         0,          9992,      4897,    0.96500000
10000,       200,        0.0213,    1.23169171,   35.75862069,   35.78000000,    1.22263387,         4,       730,         0,          9997,      1827,    0.71000000
10000,       200,        0.0998,    1.33916383,   25.00000000,   25.00000000,    1.34376653,         4,       730,         0,          9989,      6270,    0.99500000
10000,       200,        0.0448,    1.27231024,   31.44000000,   31.45000000,    1.26344852,         4,       730,         0,          9994,      3354,    0.87500000
10000,       200,        0.1285,    1.39361290,   25.00000000,   25.00000000,    1.38604572,         4,       730,         0,          9989,      7711,    0.99000000
10000,       200,        0.0718,    1.31709751,   28.00000000,   28.00000000,    1.31379134,         4,       730,         0,          9992,      4905,    0.96500000
10000,       200,        0.0215,    1.22977759,   35.70175439,   35.72500000,    1.22061596,         4,       730,         0,          9996,      1841,    0.71500000
10000,       200,        0.0450,    1.26961629,   31.21428571,   31.25500000,    1.26318795,         4,       730,         0,          9994,      3361,    0.93000000
10000,       200,        0.1000,    1.34514412,   25.00000000,   25.00000000,    1.34338043,         4,       730,         0,          9990,      6308,    0.98500000
10000,       200,        0.0218,    1.22983866,   35.55932203,   35.63500000,    1.22236096,         4,       730,         0,          9997,      1858,    0.70500000
10000,       200,        0.0720,    1.32085752,   28.00000000,   28.00000000,    1.31334344,         4,       730,         0,          9992,      4931,    0.95500000
10000,       200,        0.1288,    1.38610093,   25.00000000,   25.00000000,    1.38677241,         4,       730,         0,          9988,      7679,    0.99000000
10000,       200,        0.0453,    1.26932569,   31.11111111,   31.09500000,    1.26286428,         4,       730,         0,          9994,      3374,    0.86500000
10000,       200,        0.0220,    1.22987200,   35.43636364,   35.52000000,    1.22193512,         4,       730,         0,          9997,      1875,    0.72500000
10000,       200,        0.1003,    1.35210047,   25.00000000,   25.00000000,    1.34616055,         4,       730,         0,          9990,      6352,    0.99000000
10000,       200,        0.0222,    1.22587381,   35.15789474,   35.22000000,    1.21776506,         4,       730,         0,          9996,      1886,    0.71500000
10000,       200,        0.0723,    1.32053229,   28.00000000,   28.00000000,    1.31354640,         4,       730,         0,          9991,      4942,    0.96500000
10000,       200,        0.0455,    1.26716976,   29.94736842,   29.93500000,    1.26246137,         4,       730,         0,          9994,      3382,    0.90500000
10000,       200,        0.0225,    1.22938779,   34.72000000,   34.62500000,    1.21962006,         4,       730,         0,          9996,      1908,    0.75000000
10000,       200,        0.1290,    1.38780397,   25.00000000,   25.00000000,    1.38672950,         4,       730,         0,          9988,      7698,    0.99500000
10000,       200,        0.0458,    1.27055638,   29.00000000,   29.00000000,    1.26549054,         4,       730,         0,          9994,      3405,    0.88500000
10000,       200,        0.1005,    1.34664020,   25.00000000,   25.00000000,    1.34522917,         4,       730,         0,          9989,      6337,    0.98000000
10000,       200,        0.0725,    1.31783996,   28.00000000,   28.00000000,    1.31332930,         4,       730,         0,          9991,      4944,    0.95500000
10000,       200,        0.0227,    1.22900006,   33.65116279,   33.51500000,    1.21994233,         4,       730,         0,          9996,      1924,    0.78500000
10000,       200,        0.0460,    1.26977881,   29.00000000,   29.00000000,    1.26510709,         4,       730,         0,          9994,      3417,    0.90500000
10000,       200,        0.0230,    1.22916755,   33.00000000,   33.00000000,    1.22028406,         4,       730,         0,          9996,      1941,    0.73500000
10000,       200,        0.1293,    1.39301593,   25.00000000,   25.00000000,    1.38695248,         4,       730,         0,          9989,      7736,    0.99000000
10000,       200,        0.0728,    1.32087568,   28.00000000,   28.00000000,    1.31453111,         4,       730,         0,          9992,      4967,    0.96500000
10000,       200,        0.1008,    1.34798984,   25.00000000,   25.00000000,    1.34638388,         4,       730,         0,          9990,      6354,    0.99500000
10000,       200,        0.0232,    1.22921692,   33.00000000,   33.00000000,    1.22045928,         4,       730,         0,          9996,      1958,    0.74500000
10000,       200,        0.0463,    1.27360775,   29.00000000,   29.00000000,    1.26558004,         4,       730,         0,          9994,      3441,    0.89500000
10000,       200,        0.0730,    1.31895019,   28.00000000,   28.00000000,    1.31467210,         4,       730,         0,          9992,      4972,    0.93000000
10000,       200,        0.0235,    1.23058465,   33.00000000,   33.00000000,    1.22289308,         4,       730,         0,          9996,      1977,    0.74500000
10000,       200,        0.1010,    1.35449145,   25.00000000,   25.00000000,    1.34663531,         4,       730,         0,          9990,      6395,    0.98500000
10000,       200,        0.1295,    1.38760672,   25.00000000,   25.00000000,    1.38732618,         4,       730,         0,          9989,      7716,    0.99500000
10000,       200,        0.0465,    1.26972203,   29.00000000,   29.00000000,    1.26540271,         4,       730,         0,          9993,      3445,    0.94000000
10000,       200,        0.0238,    1.23471903,   33.00000000,   33.00000000,    1.22459705,         4,       730,         0,          9996,      2000,    0.79000000
10000,       200,        0.0733,    1.31976024,   28.00000000,   28.00000000,    1.31496258,         4,       730,         0,          9992,      4987,    0.96500000
10000,       200,        0.0468,    1.27240839,   29.00000000,   29.00000000,    1.26719457,         4,       730,         0,          9993,      3466,    0.91000000
10000,       200,        0.0240,    1.23380494,   33.00000000,   33.00000000,    1.22547268,         4,       730,         0,          9996,      2015,    0.74000000
10000,       200,        0.1013,    1.34797061,   25.00000000,   25.00000000,    1.34652189,         4,       730,         0,          9990,      6375,    0.97000000
10000,       200,        0.1298,    1.39709082,   25.00000000,   25.00000000,    1.38824068,         4,       730,         0,          9989,      7778,    0.98500000
10000,       200,        0.0470,    1.27276472,   29.00000000,   29.00000000,    1.26597987,         4,       730,         0,          9994,      3481,    0.92000000
10000,       200,        0.0243,    1.23510950,   33.00000000,   33.00000000,    1.22581319,         4,       730,         0,          9996,      2033,    0.76000000
10000,       200,        0.0735,    1.31753551,   28.00000000,   28.00000000,    1.31474946,         4,       730,         0,          9991,      4991,    0.97000000
10000,       200,        0.1015,    1.35561728,   25.00000000,   25.00000000,    1.34678002,         4,       730,         0,          9990,      6422,    0.99000000
10000,       200,        0.0245,    1.23459182,   33.00000000,   33.00000000,    1.22558304,         4,       730,         0,          9996,      2049,    0.77500000
10000,       200,        0.0473,    1.27219006,   29.00000000,   29.00000000,    1.26845852,         4,       730,         0,          9993,      3493,    0.91500000
10000,       200,        0.1300,    1.38984020,   25.00000000,   25.00000000,    1.38782473,         4,       730,         0,          9989,      7747,    0.99000000
10000,       200,        0.0738,    1.32779622,   28.00000000,   28.00000000,    1.31508571,         4,       730,         0,          9991,      5042,    0.99000000
10000,       200,        0.0248,    1.24110558,   33.00000000,   33.00000000,    1.23064001,         4,       730,         0,          9996,      2076,    0.81500000
10000,       200,        0.0475,    1.27199029,   29.00000000,   29.00000000,    1.26766769,         4,       730,         0,          9994,      3506,    0.90500000
10000,       200,        0.1018,    1.34704957,   25.00000000,   25.00000000,    1.34747000,         4,       730,         0,          9990,      6392,    0.99500000
10000,       200,        0.0250,    1.23615414,   33.00000000,   33.00000000,    1.23015448,         4,       730,         0,          9996,      2084,    0.78000000
10000,       200,        0.0740,    1.32461513,   28.00000000,   28.00000000,    1.31579399,         4,       730,         0,          9992,      5042,    0.96000000
10000,       200,        0.1303,    0.00000000,    0.00000000,   25.00000000,    1.38808458,         4,       730,         0,          9989,         0,    1.00000000
10000,       200,        0.0478,    1.27516706,   29.00000000,   29.00000000,    1.26945757,         4,       730,         0,          9993,      3529,    0.91000000
10000,       200,        0.0253,    1.23801443,   33.00000000,   33.00000000,    1.23078868,         4,       730,         0,          9996,      2104,    0.83000000
10000,       200,        0.1020,    1.34719164,   25.00000000,   25.00000000,    1.34762610,         4,       730,         0,          9990,      6403,    0.98000000
10000,       200,        0.0743,    1.32318997,   28.00000000,   28.00000000,    1.31607626,         4,       730,         0,          9992,      5049,    0.96000000
10000,       200,        0.0255,    1.24000265,   33.00000000,   33.00000000,    1.23259243,         4,       730,         0,          9996,      2124,    0.74500000
10000,       200,        0.0480,    1.27679596,   29.00000000,   29.00000000,    1.26978851,         4,       730,         0,          9993,      3547,    0.91000000
10000,       200,        0.1305,    1.38929689,   25.00000000,   25.00000000,    1.38840929,         4,       730,         0,          9989,      7763,    0.99000000
10000,       200,        0.0258,    1.24058724,   33.00000000,   33.00000000,    1.23344160,         4,       730,         0,          9996,      2141,    0.80500000
10000,       200,        0.0745,    1.32284990,   28.00000000,   28.00000000,    1.31656171,         4,       730,         0,          9992,      5059,    0.96500000
10000,       200,        0.1023,    1.35185201,   25.00000000,   25.00000000,    1.34799557,         4,       730,         0,          9990,      6436,    0.99000000
10000,       200,        0.0483,    1.28092516,   29.00000000,   29.00000000,    1.27145245,         4,       730,         0,          9993,      3572,    0.91500000
10000,       200,        0.0260,    1.24254590,   33.00000000,   33.00000000,    1.23355598,         4,       730,         0,          9996,      2161,    0.82000000
10000,       200,        0.0485,    1.27882284,   29.00000000,   29.00000000,    1.27168391,         4,       730,         0,          9994,      3580,    0.88000000
10000,       200,        0.1308,    1.39120379,   25.00000000,   25.00000000,    1.38923920,         4,       730,         0,          9989,      7783,    0.98500000
10000,       200,        0.0748,    1.32392719,   28.00000000,   28.00000000,    1.31699457,         4,       730,         0,          9991,      5076,    0.98000000
10000,       200,        0.0263,    1.24012818,   33.00000000,   33.00000000,    1.23149937,         4,       730,         0,          9996,      2172,    0.75500000
10000,       200,        0.1025,    1.35480476,   25.00000000,   25.00000000,    1.34950528,         4,       730,         0,          9989,      6460,    0.98500000
10000,       200,        0.0488,    1.27918326,   29.00000000,   29.00000000,    1.27174988,         4,       730,         0,          9993,      3595,    0.92000000
10000,       200,        0.0265,    1.24236724,   32.85454545,   32.96000000,    1.23695282,         4,       730,         0,          9997,      2193,    0.72500000
10000,       200,        0.0750,    1.31846157,   28.00000000,   28.00000000,    1.31615484,         4,       730,         0,          9991,      5067,    0.96000000
10000,       200,        0.1310,    1.39586012,   25.00000000,   25.00000000,    1.38898458,         4,       730,         0,          9989,      7819,    0.98000000
10000,       200,        0.1028,    1.35070227,   25.00000000,   25.00000000,    1.34943112,         4,       730,         0,          9990,      6451,    0.98500000
10000,       200,        0.0490,    1.28006665,   29.00000000,   29.00000000,    1.27241602,         4,       730,         0,          9993,      3611,    0.95000000
10000,       200,        0.0267,    1.24676895,   33.00000000,   33.00000000,    1.23768327,         4,       730,         0,          9996,      2217,    0.81000000
10000,       200,        0.0753,    1.33145727,   28.00000000,   28.00000000,    1.31675777,         4,       730,         0,          9990,      5129,    0.98500000
10000,       200,        0.0270,    1.24511268,   33.00000000,   33.00000000,    1.23632788,         4,       730,         0,          9996,      2230,    0.77500000
10000,       200,        0.0493,    1.28130321,   29.00000000,   29.00000000,    1.27344777,         4,       730,         0,          9993,      3628,    0.89000000
10000,       200,        0.1030,    1.34820097,   25.00000000,   25.00000000,    1.34979471,         4,       730,         0,          9990,      6450,    0.98000000
10000,       200,        0.1313,    1.39108698,   25.00000000,   25.00000000,    1.38884219,         4,       730,         0,          9989,      7802,    0.98000000
10000,       200,        0.0272,    1.24522289,   33.00000000,   33.00000000,    1.23743497,         4,       730,         0,          9996,      2246,    0.80000000
10000,       200,        0.0755,    1.31792817,   28.00000000,   28.00000000,    1.31672518,         4,       730,         0,          9991,      5088,    0.97500000
10000,       200,        0.0495,    1.28111606,   29.00000000,   29.00000000,    1.27421479,         4,       730,         0,          9993,      3641,    0.94500000
10000,       200,        0.0275,    1.24451679,   33.00000000,   33.00000000,    1.23785329,         4,       730,         0,          9996,      2261,    0.78000000
10000,       200,        0.1033,    1.35169258,   25.00000000,   25.00000000,    1.35006074,         4,       730,         0,          9990,      6477,    0.99000000
10000,       200,        0.1315,    1.39812534,   25.00000000,   25.00000000,    1.38992375,         4,       730,         0,          9989,      7851,    0.99000000
10000,       200,        0.0498,    1.28188942,   29.00000000,   29.00000000,    1.27424691,         4,       730,         0,          9993,      3657,    0.94000000
10000,       200,        0.0758,    1.32903013,   28.00000000,   28.00000000,    1.31698911,         4,       730,         0,          9991,      5143,    0.98500000
10000,       200,        0.0278,    1.24917408,   33.00000000,   33.00000000,    1.24072050,         4,       730,         0,          9995,      2285,    0.85000000
10000,       200,        0.0500,    1.28090418,   29.00000000,   29.00000000,    1.27533303,         4,       730,         0,          9994,      3668,    0.91500000
10000,       200,        0.0280,    1.24843568,   33.00000000,   33.00000000,    1.23980117,         4,       730,         0,          9995,      2300,    0.80000000
10000,       200,        0.1035,    1.35517559,   25.00000000,   25.00000000,    1.35110158,         4,       730,         0,          9990,      6504,    0.98000000
10000,       200,        0.0760,    1.32158047,   28.00000000,   28.00000000,    1.31758614,         4,       730,         0,          9991,      5126,    0.98000000
10000,       200,        0.1318,    1.38919989,   25.00000000,   25.00000000,    1.38912637,         4,       730,         0,          9988,      7810,    0.98500000
10000,       200,        0.0283,    1.24747579,   33.00000000,   33.00000000,    1.23821601,         4,       730,         0,          9996,      2314,    0.83500000
10000,       200,        0.0503,    1.28015227,   29.00000000,   29.00000000,    1.27672046,         4,       730,         0,          9993,      3679,    0.95000000
10000,       200,        0.0763,    1.32156802,   28.00000000,   28.00000000,    1.31855125,         4,       730,         0,          9991,      5138,    0.97500000
10000,       200,        0.1038,    1.34762611,   25.00000000,   25.00000000,    1.35092290,         4,       730,         0,          9989,      6479,    0.99000000
10000,       200,        0.0285,    1.24884420,   33.00000000,   33.00000000,    1.24095930,         4,       730,         0,          9996,      2333,    0.79000000
10000,       200,        0.0505,    1.28037456,   29.00000000,   29.00000000,    1.27465392,         4,       730,         0,          9993,      3694,    0.95000000
10000,       200,        0.1320,    1.39217103,   25.00000000,   25.00000000,    1.38986866,         4,       730,         0,          9989,      7836,    0.99000000
10000,       200,        0.0288,    1.25026787,   32.78947368,   32.96000000,    1.24274057,         4,       730,         0,          9996,      2351,    0.81000000
10000,       200,        0.0765,    1.32490850,   28.00000000,   28.00000000,    1.31738011,         4,       730,         0,          9991,      5163,    0.98000000
10000,       200,        0.1040,    1.35993558,   25.00000000,   25.00000000,    1.35157921,         4,       730,         0,          9990,      6548,    0.98000000
10000,       200,        0.0508,    1.28403961,   29.00000000,   29.00000000,    1.27827080,         4,       730,         0,          9993,      3718,    0.94000000
10000,       200,        0.0290,    1.24893421,   33.00000000,   33.00000000,    1.24305890,         4,       730,         0,          9996,      2364,    0.75000000
10000,       200,        0.1323,    0.00000000,    0.00000000,   25.00000000,    1.38957132,         4,       730,         0,          9988,         0,    1.00000000
10000,       200,        0.0768,    1.31994349,   28.00000000,   28.00000000,    1.31811563,         4,       730,         0,          9991,      5156,    0.99000000
10000,       200,        0.0510,    1.28430857,   29.00000000,   29.00000000,    1.27674109,         4,       730,         0,          9993,      3732,    0.94000000
10000,       200,        0.0293,    1.24817530,   33.00000000,   33.00000000,    1.24257549,         4,       730,         0,          9996,      2379,    0.76000000
10000,       200,        0.1043,    1.35671028,   25.00000000,   25.00000000,    1.35144308,         4,       730,         0,          9990,      6543,    0.98000000
10000,       200,        0.0295,    1.25247888,   33.00000000,   33.00000000,    1.24355742,         4,       730,         0,          9995,      2403,    0.85000000
10000,       200,        0.0513,    1.28892231,   29.00000000,   29.00000000,    1.28094571,         4,       730,         0,          9994,      3759,    0.93000000
10000,       200,        0.0770,    1.31973070,   28.00000000,   28.00000000,    1.31826206,         4,       730,         0,          9991,      5167,    0.97000000
10000,       200,        0.1325,    1.39363754,   25.00000000,   25.00000000,    1.39072632,         4,       730,         0,          9988,      7863,    0.98500000
10000,       200,        0.0298,    1.25621387,   33.00000000,   33.00000000,    1.24433971,         4,       730,         0,          9995,      2426,    0.88000000
10000,       200,        0.1045,    1.34575293,   25.00000000,   25.00000000,    1.35211428,         4,       730,         0,          9990,      6501,    0.98500000
10000,       200,        0.0515,    1.28357409,   29.00000000,   29.00000000,    1.27839685,         4,       730,         0,          9993,      3757,    0.91500000
10000,       200,        0.0773,    1.32425576,   28.00000000,   28.00000000,    1.31861850,         4,       730,         0,          9991,      5196,    0.96500000
10000,       200,        0.0300,    1.25189346,   33.00000000,   33.00000000,    1.24413904,         4,       730,         0,          9995,      2433,    0.81000000
10000,       200,        0.1328,    1.41008091,   25.00000000,   25.00000000,    1.39105473,         4,       730,         0,          9988,      7966,    0.99500000
10000,       200,        0.0518,    1.28563481,   29.00000000,   29.00000000,    1.28025162,         4,       730,         0,          9993,      3777,    0.96500000
10000,       200,        0.1048,    1.35779041,   25.00000000,   25.00000000,    1.35311771,         4,       730,         0,          9990,      6570,    0.98000000
10000,       200,        0.0775,    1.31783160,   28.00000000,   28.00000000,    1.31813216,         4,       730,         0,          9991,      5183,    0.96500000
10000,       200,        0.0520,    1.28473424,   29.00000000,   29.00000000,    1.27964553,         4,       730,         0,          9993,      3787,    0.94500000
10000,       200,        0.1050,    1.35576134,   25.00000000,   25.00000000,    1.35291459,         4,       730,         0,          9989,      6570,    0.97000000
10000,       200,        0.1330,    1.38523337,   25.00000000,   25.00000000,    1.39069651,         4,       730,         0,          9988,      7835,    0.99000000
10000,       200,        0.0778,    1.32800229,   28.00000000,   28.00000000,    1.31994168,         4,       730,         0,          9991,      5235,    0.97500000
10000,       200,        0.0523,    1.28561249,   29.00000000,   29.00000000,    1.28197007,         4,       730,         0,          9993,      3803,    0.93000000
10000,       200,        0.1053,    1.35957827,   25.00000000,   25.00000000,    1.35343067,         4,       730,         0,          9990,      6599,    0.98500000
10000,       200,        0.0780,    1.32886582,   28.00000000,   28.00000000,    1.31908077,         4,       730,         0,          9991,      5250,    0.98000000
10000,       200,        0.0525,    1.28804297,   29.00000000,   29.00000000,    1.28026487,         4,       730,         0,          9993,      3824,    0.96000000
10000,       200,        0.1333,    1.39126199,   25.00000000,   25.00000000,    1.39080021,         4,       730,         0,          9989,      7878,    0.99000000
10000,       200,        0.0528,    1.28831877,   29.00000000,   29.00000000,    1.28185662,         4,       730,         0,          9993,      3838,    0.94000000
10000,       200,        0.0783,    1.32078989,   28.00000000,   28.00000000,    1.31927215,         4,       730,         0,          9991,      5230,    0.95000000
10000,       200,        0.1055,    1.35851799,   25.00000000,   25.00000000,    1.35329474,         4,       730,         0,          9990,      6605,    0.97500000
10000,       200,        0.1335,    1.39560256,   25.00000000,   25.00000000,    1.39137563,         4,       730,         0,          9989,      7912,    0.98000000
10000,       200,        0.0530,    1.28882338,   29.00000000,   29.00000000,    1.28309385,         4,       730,         0,          9993,      3853,    0.92500000
10000,       200,        0.0785,    1.32158590,   28.00000000,   28.00000000,    1.31916572,         4,       730,         0,          9990,      5245,    0.96500000
10000,       200,        0.1058,    1.36054406,   25.00000000,   25.00000000,    1.35506451,         4,       730,         0,          9990,      6625,    0.97000000
10000,       200,        0.0533,    1.28708255,   29.00000000,   29.00000000,    1.28354197,         4,       730,         0,          9993,      3861,    0.94000000
10000,       200,        0.1338,    1.39667558,   25.00000000,   25.00000000,    1.39226253,         4,       730,         0,          9988,      7928,    0.99000000
10000,       200,        0.0788,    1.32819002,   28.00000000,   28.00000000,    1.31985584,         4,       730,         0,          9991,      5283,    0.98000000
10000,       200,        0.1060,    1.36065278,   25.00000000,   25.00000000,    1.35531412,         4,       730,         0,          9990,      6636,    0.98500000
10000,       200,        0.0535,    1.28941815,   29.00000000,   29.00000000,    1.28297332,         4,       730,         0,          9993,      3882,    0.93000000
10000,       200,        0.0790,    1.32264451,   28.00000000,   28.00000000,    1.32009421,         4,       730,         0,          9991,      5272,    0.97000000
10000,       200,        0.1340,    1.39437539,   25.00000000,   24.99500000,    1.39214625,         4,       730,         0,          9988,      7924,    0.98500000
10000,       200,        0.0538,    1.29088632,   29.00000000,   29.00000000,    1.28459077,         4,       730,         0,          9993,      3900,    0.93000000
10000,       200,        0.1063,    1.35721552,   25.00000000,   25.00000000,    1.35388287,         4,       730,         0,          9989,      6630,    0.99500000
10000,       200,        0.0793,    1.32830747,   28.00000000,   28.00000000,    1.32015667,         4,       730,         0,          9991,      5307,    0.99000000
10000,       200,        0.0540,    1.29075504,   29.00000000,   29.00000000,    1.28505346,         4,       730,         0,          9993,      3912,    0.91000000
10000,       200,        0.1343,    1.39583194,   25.00000000,   24.99000000,    1.39225360,         4,       730,         0,          9988,      7942,    0.99500000
10000,       200,        0.1065,    1.36251221,   25.00000000,   25.00000000,    1.35556747,         4,       730,         0,          9990,      6666,    0.98500000
10000,       200,        0.0543,    1.29025027,   29.00000000,   29.00000000,    1.28602016,         4,       730,         0,          9993,      3924,    0.94500000
10000,       200,        0.0795,    1.32300254,   28.00000000,   28.00000000,    1.32028036,         4,       730,         0,          9991,      5297,    0.98000000
10000,       200,        0.0545,    1.29009158,   29.00000000,   29.00000000,    1.28628659,         4,       730,         0,          9993,      3937,    0.92500000
10000,       200,        0.1345,    1.39243018,   25.00000000,   25.00000000,    1.39299719,         4,       730,         0,          9989,      7932,    0.99000000
10000,       200,        0.1068,    1.35541486,   25.00000000,   25.00000000,    1.35651172,         4,       730,         0,          9989,      6642,    0.98500000
10000,       200,        0.0798,    1.32697625,   28.00000000,   28.00000000,    1.32199491,         4,       730,         0,          9991,      5325,    0.96000000
10000,       200,        0.0548,    1.29284192,   29.00000000,   29.00000000,    1.28746636,         4,       730,         0,          9993,      3959,    0.95500000
10000,       200,        0.0800,    1.32494838,   28.00000000,   28.00000000,    1.32053700,         4,       730,         0,          9991,      5328,    0.98500000
10000,       200,        0.1070,    1.36145013,   25.00000000,   25.00000000,    1.35667426,         4,       730,         0,          9990,      6682,    0.98000000
10000,       200,        0.1348,    1.39613956,   25.00000000,   25.00000000,    1.39251793,         4,       730,         0,          9989,      7962,    0.98000000
10000,       200,        0.0550,    1.29278280,   29.00000000,   29.00000000,    1.28671400,         4,       730,         0,          9993,      3972,    0.92000000
10000,       200,        0.0803,    1.32466805,   28.00000000,   28.00000000,    1.32113011,         4,       730,         0,          9990,      5339,    0.97500000
10000,       200,        0.1073,    1.35724677,   25.00000000,   25.00000000,    1.35744410,         4,       730,         0,          9989,      6671,    0.98000000
10000,       200,        0.0553,    1.29645255,   29.00000000,   29.00000000,    1.28782278,         4,       730,         0,          9993,      3996,    0.92000000
10000,       200,        0.1350,    1.39922916,   25.00000000,   24.99500000,    1.39306359,         4,       730,         0,          9989,      7989,    0.99000000
10000,       200,        0.0805,    1.32738020,   28.00000000,   28.00000000,    1.32085940,         4,       730,         0,          9991,      5361,    0.97500000
10000,       200,        0.0555,    1.29371346,   29.00000000,   29.00000000,    1.28848688,         4,       730,         0,          9993,      4001,    0.92500000
10000,       200,        0.1075,    0.00000000,    0.00000000,   25.00000000,    1.35690913,         4,       730,         0,          9989,         0,    1.00000000
10000,       200,        0.1353,    1.39291100,   25.00000000,   24.98000000,    1.39277106,         4,       730,         0,          9989,      7962,    0.98000000
10000,       200,        0.0558,    1.29393609,   29.00000000,   29.00000000,    1.28955653,         4,       730,         0,          9993,      4015,    0.93000000
10000,       200,        0.0808,    1.32479822,   28.00000000,   28.00000000,    1.32162641,         4,       730,         0,          9991,      5363,    0.97500000
10000,       200,        0.1078,    1.36414774,   25.00000000,   25.00000000,    1.35856257,         4,       730,         0,          9989,      6726,    0.99000000
10000,       200,        0.0560,    1.29395791,   29.00000000,   29.00000000,    1.28794285,         4,       730,         0,          9992,      4028,    0.94000000
10000,       200,        0.0810,    1.32965900,   28.00000000,   28.00000000,    1.32176305,         4,       730,         0,          9992,      5394,    0.98500000
10000,       200,        0.1355,    1.39691821,   25.00000000,   24.97500000,    1.39372513,         4,       730,         0,          9988,      7995,    0.99500000
10000,       200,        0.1080,    1.36214423,   25.00000000,   25.00000000,    1.35790411,         4,       730,         0,          9989,      6727,    0.99500000
10000,       200,        0.0563,    1.29689553,   29.00000000,   29.00000000,    1.29081892,         4,       730,         0,          9993,      4051,    0.94500000
10000,       200,        0.0813,    1.33097735,   28.00000000,   28.00000000,    1.32205183,         4,       730,         0,          9991,      5411,    0.98500000
10000,       200,        0.1358,    1.39127571,   25.00000000,   24.93500000,    1.39294761,         4,       730,         0,          9988,      7972,    0.99500000
10000,       200,        0.0565,    1.29733849,   29.00000000,   29.00000000,    1.29031851,         4,       730,         0,          9992,      4065,    0.96000000
10000,       200,        0.1083,    1.36591153,   25.00000000,   25.00000000,    1.35799627,         4,       730,         0,          9989,      6756,    0.99500000
10000,       200,        0.0815,    1.32889882,   28.00000000,   28.00000000,    1.32210646,         4,       730,         0,          9991,      5414,    0.98000000
10000,       200,        0.0568,    1.29734184,   29.00000000,   29.00000000,    1.29193225,         4,       730,         0,          9992,      4078,    0.93500000
10000,       200,        0.1360,    1.39732745,   25.00000000,   24.82000000,    1.39378707,         4,       730,         0,          9989,      8016,    0.99000000
10000,       200,        0.1085,    1.37017450,   25.00000000,   25.00000000,    1.35873367,         4,       730,         0,          9988,      6787,    0.99000000
10000,       200,        0.0818,    1.32944547,   28.00000000,   28.00000000,    1.32265824,         4,       730,         0,          9991,      5428,    0.98500000
10000,       200,        0.0570,    1.29615913,   29.00000000,   29.00000000,    1.29102522,         4,       730,         0,          9992,      4088,    0.95500000
10000,       200,        0.1363,    1.39100485,   24.33333333,   24.68500000,    1.39396829,         4,       730,         0,          9989,      7989,    0.98500000
10000,       200,        0.0820,    1.32640935,   28.00000000,   28.00000000,    1.32205804,         4,       730,         0,          9991,      5427,    0.98000000
10000,       200,        0.0573,    1.29974908,   29.00000000,   29.00000000,    1.29303354,         4,       730,         0,          9993,      4112,    0.95000000
10000,       200,        0.1088,    1.36495374,   25.00000000,   25.00000000,    1.36002463,         4,       730,         0,          9989,      6772,    0.99500000
10000,       200,        0.0575,    1.29708561,   29.00000000,   29.00000000,    1.29153127,         4,       730,         0,          9992,      4117,    0.92500000
10000,       200,        0.0823,    1.32469063,   28.00000000,   28.00000000,    1.32314695,         4,       730,         0,          9990,      5432,    0.99500000
10000,       200,        0.1090,    1.36199879,   25.00000000,   25.00000000,    1.35995777,         4,       730,         0,          9990,      6767,    0.98500000
10000,       200,        0.1365,    1.39435094,   24.50000000,   24.38000000,    1.39438485,         4,       730,         0,          9988,      8017,    0.99000000
10000,       200,        0.0578,    1.29891239,   29.00000000,   29.00000000,    1.29330169,         4,       730,         0,          9992,      4136,    0.93000000
10000,       200,        0.0825,    1.32446054,   28.00000000,   28.00000000,    1.32243915,         4,       730,         0,          9991,      5442,    0.96500000
10000,       200,        0.1093,    1.36863373,   25.00000000,   25.00000000,    1.36074465,         4,       730,         0,          9990,      6811,    0.99500000
10000,       200,        0.1368,    1.39230606,   24.00000000,   24.00000000,    1.39529392,         4,       730,         0,          9988,      8015,    0.99500000
10000,       200,        0.0580,    1.29750246,   29.00000000,   29.00000000,    1.29253678,         4,       730,         0,          9993,      4144,    0.93500000
10000,       200,        0.0828,    1.32456481,   28.00000000,   28.00000000,    1.32323770,         4,       730,         0,          9990,      5454,    0.98000000
10000,       200,        0.0583,    1.29978678,   29.00000000,   29.00000000,    1.29378982,         4,       730,         0,          9993,      4165,    0.91000000
10000,       200,        0.1095,    1.35913302,   25.00000000,   25.00000000,    1.36042915,         4,       730,         0,          9989,      6774,    0.99500000
10000,       200,        0.1370,    0.00000000,    0.00000000,   24.00000000,    1.39490920,         4,       730,         0,          9989,         0,    1.00000000
10000,       200,        0.0830,    1.32481094,   28.00000000,   28.00000000,    1.32252335,         4,       730,         0,          9990,      5467,    0.98000000
10000,       200,        0.0585,    1.29832043,   29.00000000,   29.00000000,    1.29360758,         4,       730,         0,          9992,      4173,    0.97500000
10000,       200,        0.1098,    1.36949686,   25.00000000,   25.00000000,    1.36060094,         4,       730,         0,          9989,      6836,    0.99000000
10000,       200,        0.0833,    1.32840502,   28.00000000,   28.00000000,    1.32371530,         4,       730,         0,          9991,      5493,    0.95500000
10000,       200,        0.0588,    1.29567929,   29.00000000,   29.00000000,    1.29525185,         4,       730,         0,          9993,      4178,    0.94000000
10000,       200,        0.1373,    1.40198544,   24.00000000,   24.00000000,    1.39534092,         4,       730,         0,          9988,      8089,    0.97000000
10000,       200,        0.1100,    1.36330915,   25.00000000,   25.00000000,    1.36056669,         4,       730,         0,          9989,      6815,    0.97500000
10000,       200,        0.0835,    1.32803488,   28.00000000,   28.00000000,    1.32176409,         4,       730,         0,          9990,      5503,    0.96500000
10000,       200,        0.0590,    1.30150963,   29.00000000,   29.00000000,    1.29540853,         4,       730,         0,          9993,      4209,    0.90500000
10000,       200,        0.1375,    0.00000000,    0.00000000,   24.00000000,    1.39540302,         4,       730,         0,          9988,         0,    1.00000000
10000,       200,        0.0593,    1.30441394,   29.00000000,   29.00000000,    1.29533805,         4,       730,         0,          9993,      4232,    0.93500000
10000,       200,        0.1103,    1.35947946,   25.00000000,   25.00000000,    1.36246346,         4,       730,         0,          9990,      6806,    0.99000000
10000,       200,        0.0838,    1.32514436,   28.00000000,   28.00000000,    1.32418351,         4,       730,         0,          9991,      5502,    0.98000000
10000,       200,        0.0595,    1.30471522,   29.00000000,   29.00000000,    1.29624076,         4,       730,         0,          9992,      4246,    0.93000000
10000,       200,        0.1378,    1.39940843,   24.00000000,   24.00000000,    1.39587835,         4,       730,         0,          9988,      8093,    0.99000000
10000,       200,        0.0840,    1.33311240,   28.00000000,   28.00000000,    1.32271673,         4,       730,         0,          9991,      5547,    0.97000000
10000,       200,        0.1105,    1.36292311,   25.00000000,   25.00000000,    1.36244946,         4,       730,         0,          9990,      6834,    0.99000000
10000,       200,        0.0598,    1.30272797,   29.00000000,   29.00000000,    1.29603394,         4,       730,         0,          9992,      4252,    0.95500000
10000,       200,        0.0843,    1.32705511,   28.00000000,   28.00000000,    1.32421191,         4,       730,         0,          9991,      5533,    0.95500000
10000,       200,        0.1380,    1.39850132,   24.00000000,   24.00000000,    1.39705307,         4,       730,         0,          9989,      8097,    0.98000000
10000,       200,        0.1108,    1.36586110,   25.00000000,   25.00000000,    1.36247782,         4,       730,         0,          9989,      6859,    0.99000000
10000,       200,        0.0600,    1.30275901,   29.00000000,   29.00000000,    1.29661196,         4,       730,         0,          9993,      4265,    0.94500000
10000,       200,        0.0845,    1.32921675,   28.00000000,   27.99500000,    1.32344780,         4,       730,         0,          9991,      5554,    0.98500000
10000,       200,        0.1383,    0.00000000,    0.00000000,   24.00000000,    1.39751012,         4,       730,         0,          9988,         0,    1.00000000
10000,       200,        0.1110,    1.35984515,   25.00000000,   25.00000000,    1.36202738,         4,       730,         0,          9989,      6839,    0.99500000
10000,       200,        0.0848,    1.32796318,   28.00000000,   28.00000000,    1.32456416,         4,       730,         0,          9991,      5560,    0.97000000
10000,       200,        0.1113,    1.37052701,   25.00000000,   25.00000000,    1.36448243,         4,       730,         0,          9990,      6903,    0.99500000
10000,       200,        0.1385,    1.39869774,   24.00000000,   24.00000000,    1.39624210,         4,       730,         0,          9988,      8116,    0.97500000
10000,       200,        0.0850,    1.32845637,   28.00000000,   27.99000000,    1.32374663,         4,       730,         0,          9990,      5573,    0.96000000
10000,       200,        0.1115,    1.36507212,   25.00000000,   25.00000000,    1.36353671,         4,       730,         0,          9989,      6885,    0.98000000
10000,       200,        0.1388,    1.40389340,   24.00000000,   24.00000000,    1.39782581,         4,       730,         0,          9989,      8156,    0.99500000
10000,       200,        0.0853,    1.32872326,   28.00000000,   27.99500000,    1.32497932,         4,       730,         0,          9991,      5586,    0.96000000
10000,       200,        0.1118,    1.37012733,   25.00000000,   25.00000000,    1.36467474,         4,       730,         0,          9989,      6921,    0.99000000
10000,       200,        0.0855,    1.32504629,   28.00000000,   27.99500000,    1.32433297,         4,       730,         0,          9991,      5582,    0.98500000
10000,       200,        0.1390,    1.40184637,   24.00000000,   24.00000000,    1.39636622,         4,       730,         0,          9988,      8153,    0.98500000
10000,       200,        0.1120,    1.35555231,   25.00000000,   25.00000000,    1.36440254,         4,       730,         0,          9989,      6858,    0.99500000
10000,       200,        0.0858,    1.32678714,   28.00000000,   27.99500000,    1.32519005,         4,       730,         0,          9990,      5600,    0.98500000
10000,       200,        0.1393,    1.40553049,   24.00000000,   24.00000000,    1.39833882,         4,       730,         0,          9988,      8184,    0.99500000
10000,       200,        0.0860,    1.33069176,   28.00000000,   27.99500000,    1.32461221,         4,       730,         0,          9991,      5628,    0.98000000
10000,       200,        0.1123,    1.36460825,   25.00000000,   25.00000000,    1.36466944,         4,       730,         0,          9990,      6914,    0.98500000
10000,       200,        0.1395,    1.39924690,   24.00000000,   24.00000000,    1.39808381,         4,       730,         0,          9988,      8156,    0.97500000
10000,       200,        0.0863,    1.32991780,   28.00000000,   27.98500000,    1.32402258,         4,       730,         0,          9991,      5636,    0.95500000
10000,       200,        0.1125,    1.36733348,   25.00000000,   25.00000000,    1.36583273,         4,       730,         0,          9989,      6938,    0.99500000
10000,       200,        0.0865,    1.32523907,   27.80000000,   27.97500000,    1.32473751,         4,       730,         0,          9991,      5628,    0.97500000
10000,       200,        0.1398,    1.40699609,   24.00000000,   24.00000000,    1.39760755,         4,       730,         0,          9989,      8211,    0.99500000
10000,       200,        0.1128,    1.37654723,   25.00000000,   25.00000000,    1.36462371,         4,       730,         0,          9989,      6995,    0.98500000
10000,       200,        0.0868,    1.33269826,   28.00000000,   28.00000000,    1.32580916,         4,       730,         0,          9991,      5671,    0.99000000
10000,       200,        0.1400,    1.40655953,   24.00000000,   24.00000000,    1.39950562,         4,       730,         0,          9989,      8217,    0.98500000
10000,       200,        0.1130,    1.36638096,   25.00000000,   25.00000000,    1.36489638,         4,       730,         0,          9989,      6953,    0.99000000
10000,       200,        0.0870,    1.33074991,   28.00000000,   27.99000000,    1.32452184,         4,       730,         0,          9990,      5674,    0.99500000
10000,       200,        0.1403,    1.40829138,   24.00000000,   24.00000000,    1.39889906,         4,       730,         0,          9988,      8237,    0.99500000
10000,       200,        0.1133,    0.00000000,    0.00000000,   25.00000000,    1.36627733,         4,       730,         0,          9989,         0,    1.00000000
10000,       200,        0.0873,    1.32791557,   28.00000000,   27.96500000,    1.32552650,         4,       730,         0,          9990,      5673,    0.97000000
10000,       200,        0.1135,    1.36387617,   25.00000000,   25.00000000,    1.36633804,         4,       730,         0,          9988,      6961,    0.99000000
10000,       200,        0.1405,    1.40355996,   24.00000000,   24.00000000,    1.39973106,         4,       730,         0,          9989,      8218,    0.99000000
10000,       200,        0.0875,    1.32928141,   28.00000000,   27.96500000,    1.32570489,         4,       730,         0,          9991,      5690,    0.98000000
10000,       200,        0.1138,    0.00000000,    0.00000000,   25.00000000,    1.36731171,         4,       730,         0,          9989,         0,    1.00000000
10000,       200,        0.0878,    1.32844342,   28.00000000,   27.96000000,    1.32531136,         4,       730,         0,          9991,      5697,    0.95500000
10000,       200,        0.1408,    0.00000000,    0.00000000,   24.00000000,    1.39998553,         4,       730,         0,          9989,         0,    1.00000000
10000,       200,        0.0880,    1.32420267,   27.75000000,   27.93000000,    1.32549875,         4,       730,         0,          9991,      5690,    0.96000000
10000,       200,        0.1140,    1.36661166,   25.00000000,   25.00000000,    1.36728860,         4,       730,         0,          9990,      6995,    0.97500000
10000,       200,        0.1410,    1.39711607,   24.00000000,   24.00000000,    1.39963289,         4,       730,         0,          9988,      8199,    0.99500000
10000,       200,        0.0883,    1.33287997,   27.80000000,   27.94500000,    1.32591646,         4,       730,         0,          9990,      5739,    0.97500000
10000,       200,        0.1143,    1.37403112,   25.00000000,   25.00000000,    1.36784538,         4,       730,         0,          9989,      7043,    0.98500000
10000,       200,        0.1413,    1.40109896,   24.00000000,   24.00000000,    1.40026663,         4,       730,         0,          9988,      8231,    0.99000000
10000,       200,        0.0885,    1.33150043,   28.00000000,   27.91500000,    1.32728048,         4,       730,         0,          9991,      5744,    0.98500000
10000,       200,        0.1145,    1.36809417,   25.00000000,   25.00000000,    1.36886071,         4,       730,         0,          9990,      7023,    0.99500000
10000,       200,        0.0888,    1.33448255,   28.00000000,   27.92500000,    1.32611883,         4,       730,         0,          9991,      5768,    0.98000000
10000,       200,        0.1415,    1.40269448,   24.00000000,   24.00000000,    1.40097554,         4,       730,         0,          9988,      8250,    0.98000000
10000,       200,        0.1148,    1.37060593,   25.00000000,   25.00000000,    1.36942907,         4,       730,         0,          9989,      7046,    0.99500000
10000,       200,        0.0890,    1.33167681,   28.00000000,   27.87000000,    1.32527909,         4,       730,         0,          9990,      5767,    0.97500000
10000,       200,        0.1418,    1.40199546,   24.00000000,   24.00000000,    1.40057648,         4,       730,         0,          9988,      8255,    0.99000000
10000,       200,        0.1150,    1.36883950,   25.00000000,   25.00000000,    1.36849471,         4,       730,         0,          9989,      7047,    0.99500000
10000,       200,        0.0893,    1.32684597,   28.00000000,   27.83000000,    1.32660402,         4,       730,         0,          9990,      5758,    0.99500000
10000,       200,        0.1420,    1.40732227,   24.00000000,   24.00000000,    1.40207164,         4,       730,         0,          9989,      8295,    0.99000000
10000,       200,        0.1153,    1.37406328,   25.00000000,   25.00000000,    1.37039827,         4,       730,         0,          9990,      7084,    0.99500000
10000,       200,        0.0895,    1.32929337,   27.75000000,   27.86000000,    1.32650243,         4,       730,         0,          9991,      5779,    0.96000000
10000,       200,        0.1423,    1.40343168,   24.00000000,   24.00000000,    1.40167831,         4,       730,         0,          9989,      8281,    0.98500000
10000,       200,        0.1155,    1.37307642,   25.00000000,   25.00000000,    1.36918613,         4,       730,         0,          9989,      7089,    0.99500000
10000,       200,        0.0898,    1.33154346,   27.66666667,   27.72500000,    1.32592484,         4,       730,         0,          9990,      5800,    0.98500000
10000,       200,        0.0900,    1.32563577,   27.60000000,   27.61500000,    1.32555214,         4,       730,         0,          9990,      5786,    0.97500000
10000,       200,        0.1158,    1.36667905,   25.00000000,   25.00000000,    1.37040811,         4,       730,         0,          9989,      7066,    0.99500000
10000,       200,        0.1425,    1.40855126,   24.00000000,   24.00000000,    1.40166254,         4,       730,         0,          9989,      8321,    0.99000000
10000,       200,        0.1160,    1.37787809,   25.00000000,   25.00000000,    1.37075307,         4,       730,         0,          9989,      7134,    0.97500000
10000,       200,        0.1428,    1.41089955,   24.00000000,   24.00000000,    1.40188613,         4,       730,         0,          9989,      8344,    0.99000000
10000,       200,        0.1163,    0.00000000,    0.00000000,   25.00000000,    1.37150439,         4,       730,         0,          9989,         0,    1.00000000
10000,       200,        0.1430,    0.00000000,    0.00000000,   24.00000000,    1.40201301,         4,       730,         0,          9989,         0,    1.00000000
10000,       200,        0.1165,    1.37110611,   25.00000000,   25.00000000,    1.37086248,         4,       730,         0,          9989,      7119,    0.99000000
10000,       200,        0.1433,    1.40698117,   24.00000000,   24.00000000,    1.40288120,         4,       730,         0,          9989,      8339,    0.98500000
10000,       200,        0.1168,    1.37341154,   25.00000000,   25.00000000,    1.37110457,         4,       730,         0,          9989,      7141,    0.99000000
10000,       200,        0.1435,    0.00000000,    0.00000000,   24.00000000,    1.40228379,         4,       730,         0,          9989,         0,    1.00000000
10000,       200,        0.1170,    1.37987407,   25.00000000,   25.00000000,    1.37142031,         4,       730,         0,          9989,      7184,    0.98500000
10000,       200,        0.1438,    1.39921456,   24.00000000,   24.00000000,    1.40255561,         4,       730,         0,          9988,      8311,    0.98500000
10000,       200,        0.1173,    1.38069501,   25.00000000,   25.00000000,    1.37230037,         4,       730,         0,          9989,      7199,    0.99000000
10000,       200,        0.1440,    1.40106441,   24.00000000,   24.00000000,    1.40348949,         4,       730,         0,          9989,      8331,    0.98500000
10000,       200,        0.1175,    1.37685558,   25.00000000,   25.00000000,    1.37294086,         4,       730,         0,          9989,      7189,    0.98500000
10000,       200,        0.1443,    1.41450352,   24.00000000,   24.00000000,    1.40345040,         4,       730,         0,          9988,      8420,    0.99500000
10000,       200,        0.1178,    1.36882148,   25.00000000,   25.00000000,    1.37266669,         4,       730,         0,          9989,      7157,    0.99500000
10000,       200,        0.1445,    1.40521877,   24.00000000,   24.00000000,    1.40390144,         4,       730,         0,          9989,      8373,    0.98000000
10000,       200,        0.1180,    0.00000000,    0.00000000,   25.00000000,    1.37314615,         4,       730,         0,          9989,         0,    1.00000000
10000,       200,        0.1183,    1.37418824,   25.00000000,   25.00000000,    1.37395556,         4,       730,         0,          9989,      7205,    0.98500000
10000,       200,        0.1448,    0.00000000,    0.00000000,   24.00000000,    1.40432139,         4,       730,         0,          9988,         0,    1.00000000
10000,       200,        0.1185,    1.37038813,   25.00000000,   25.00000000,    1.37426217,         4,       730,         0,          9989,      7195,    0.99000000
10000,       200,        0.1450,    1.41003196,   24.00000000,   24.00000000,    1.40448510,         4,       730,         0,          9989,      8420,    0.99000000
10000,       200,        0.1188,    1.37268719,   25.00000000,   25.00000000,    1.37450172,         4,       730,         0,          9989,      7217,    0.98500000
10000,       200,        0.1453,    1.40046640,   24.00000000,   24.00000000,    1.40448541,         4,       730,         0,          9988,      8372,    0.98500000
10000,       200,        0.1190,    1.38034801,   25.00000000,   25.00000000,    1.37503537,         4,       730,         0,          9989,      7267,    0.98000000
10000,       200,        0.1455,    1.40626782,   24.00000000,   24.00000000,    1.40461191,         4,       730,         0,          9989,      8416,    0.98500000
10000,       200,        0.1193,    1.37581891,   25.00000000,   25.00000000,    1.37473520,         4,       730,         0,          9989,      7253,    0.98500000
10000,       200,        0.1458,    1.40752401,   24.00000000,   24.00000000,    1.40560948,         4,       730,         0,          9989,      8432,    0.99000000
10000,       200,        0.1195,    1.37356170,   25.00000000,   25.00000000,    1.37521473,         4,       730,         0,          9988,      7251,    0.98500000
10000,       200,        0.1460,    1.40777879,   24.00000000,   24.00000000,    1.40565954,         4,       730,         0,          9988,      8443,    0.99500000
10000,       200,        0.1198,    1.38666668,   25.00000000,   25.00000000,    1.37634589,         4,       730,         0,          9989,      7330,    0.99000000
10000,       200,        0.1463,    1.42244238,   24.00000000,   24.00000000,    1.40635079,         4,       730,         0,          9988,      8540,    0.99500000
10000,       200,        0.1200,    0.00000000,    0.00000000,   25.00000000,    1.37592718,         4,       730,         0,          9989,         0,    1.00000000
10000,       200,        0.1465,    1.40779266,   24.00000000,   24.00000000,    1.40596741,         4,       730,         0,          9988,      8461,    0.99000000
10000,       200,        0.1468,    1.41096011,   24.00000000,   24.00000000,    1.40728852,         4,       730,         0,          9989,      8489,    0.99000000
10000,       200,        0.1470,    1.40673399,   24.00000000,   24.00000000,    1.40637203,         4,       730,         0,          9988,      8472,    0.98000000
10000,       200,        0.1473,    1.40948459,   24.00000000,   24.00000000,    1.40724547,         4,       730,         0,          9987,      8498,    0.98500000
10000,       200,        0.1475,    1.40524463,   24.00000000,   24.00000000,    1.40662757,         4,       730,         0,          9988,      8481,    0.98500000
10000,       200,        0.1478,    1.41083569,   24.00000000,   24.00000000,    1.40742694,         4,       730,         0,          9988,      8524,    0.99500000
10000,       200,        0.1480,    1.40634473,   24.00000000,   24.00000000,    1.40777079,         4,       730,         0,          9989,      8505,    0.96000000
10000,       200,        0.1483,    1.41615185,   24.00000000,   24.00000000,    1.40764899,         4,       730,         0,          9989,      8574,    0.99500000
10000,       200,        0.1485,    1.40642941,   24.00000000,   24.00000000,    1.40759263,         4,       730,         0,          9989,      8524,    0.99500000
10000,       200,        0.1488,    1.40848633,   24.00000000,   24.00000000,    1.40767484,         4,       730,         0,          9988,      8545,    0.98500000
10000,       200,        0.1490,    1.40771408,   24.00000000,   24.00000000,    1.40878516,         4,       730,         0,          9988,      8549,    0.99000000
10000,       200,        0.1493,    1.40971389,   24.00000000,   24.00000000,    1.40898111,         4,       730,         0,          9988,      8570,    0.99000000
10000,       200,        0.1495,    1.41047886,   24.00000000,   24.00000000,    1.40823843,         4,       730,         0,          9988,      8584,    0.99500000
10000,       200,        0.1498,    1.41568756,   24.00000000,   24.00000000,    1.40936935,         4,       730,         0,          9989,      8624,    0.96500000
10000,       200,        0.1500,    1.41643639,   24.00000000,   24.00000000,    1.40974365,         4,       730,         0,          9988,      8638,    0.99500000
