code_n, n_tries,          qber,        f_mean,  c_iters_mean,  n_iters_mean,             R,  pass/s_n,  kost/p_n,   p_n_max,   correct/k_n,   discl_n,           FER 
10000,       200,        0.0003,    2.13226152,   13.92500000,   13.92500000,    2.13226152,         4,       100,         0,         10000,        71,    0.00000000
10000,       200,        0.0005,    2.32226987,   15.27500000,   15.27500000,    2.32226987,         4,       100,         0,         10000,       144,    0.00000000
10000,       200,        0.0008,    2.41518442,   14.95500000,   14.95500000,    2.41518442,         4,       100,         0,         10000,       214,    0.00000000
10000,       200,        0.0302,    3.50858101,   11.34500000,   11.34500000,    3.50858101,         4,       100,         0,         10000,      6864,    0.00000000
10000,       200,        0.0010,    2.42790920,   15.58500000,   15.58500000,    2.42790920,         4,       100,         0,         10000,       276,    0.00000000
10000,       200,        0.0602,    3.97525211,    9.52500000,    9.52500000,    3.97525211,         4,       100,         0,         10000,     13056,    0.00000000
10000,       200,        0.0013,    2.45120512,   15.12500000,   15.12500000,    2.45120512,         4,       100,         0,         10000,       339,    0.00000000
10000,       200,        0.0015,    2.49943768,   16.29500000,   16.29500000,    2.49943768,         4,       100,         0,         10000,       405,    0.00000000
10000,       200,        0.0305,    3.51358304,   11.56000000,   11.56000000,    3.51358304,         4,       100,         0,         10000,      6918,    0.00000000
10000,       200,        0.0902,    4.34096339,    9.00000000,    9.00000000,    4.34096339,         4,       100,         0,         10000,     18983,    0.00000000
10000,       200,        0.0018,    2.55218973,   15.28000000,   15.28000000,    2.55218973,         4,       100,         0,         10000,       473,    0.00000000
10000,       200,        0.1202,    4.72646480,    5.00000000,    5.00000000,    4.72646480,         4,       100,         0,         10000,     25054,    0.00000000
10000,       200,        0.0020,    2.56115198,   16.01500000,   16.01500000,    2.56115198,         4,       100,         0,         10000,       533,    0.00000000
10000,       200,        0.0307,    3.51883355,   11.65000000,   11.65000000,    3.51883355,         4,       100,         0,         10000,      6972,    0.00000000
10000,       200,        0.0023,    2.60822552,   16.48000000,   16.48000000,    2.60822552,         4,       100,         0,         10000,       600,    0.00000000
10000,       200,        0.0605,    3.97830572,    9.36000000,    9.36000000,    3.97830572,         4,       100,         0,         10000,     13105,    0.00000000
10000,       200,        0.0025,    2.62100791,   16.37000000,   16.37000000,    2.62100791,         4,       100,         0,         10000,       660,    0.00000000
10000,       200,        0.0027,    2.64417953,   16.76500000,   16.76500000,    2.64417953,         4,       100,         0,         10000,       723,    0.00000000
10000,       200,        0.0310,    3.52355030,   11.61000000,   11.61000000,    3.52355030,         4,       100,         0,         10000,      7025,    0.00000000
10000,       200,        0.0030,    2.64746344,   16.51000000,   16.51000000,    2.64746344,         4,       100,         0,         10000,       780,    0.00000000
10000,       200,        0.0905,    4.34368117,    9.02500000,    9.02500000,    4.34368117,         4,       100,         0,         10000,     19031,    0.00000000
10000,       200,        0.0033,    2.66688848,   15.56500000,   15.56500000,    2.66688848,         4,       100,         0,         10000,       841,    0.00000000
10000,       200,        0.0607,    3.98249961,    9.40500000,    9.40500000,    3.98249961,         4,       100,         0,         10000,     13158,    0.00000000
10000,       200,        0.1205,    4.72968548,    5.00000000,    5.00000000,    4.72968548,         4,       100,         0,         10000,     25105,    0.00000000
10000,       200,        0.0035,    2.69034861,   15.99000000,   15.99000000,    2.69034861,         4,       100,         0,         10000,       903,    0.00000000
10000,       200,        0.0312,    3.52858039,   11.32500000,   11.32500000,    3.52858039,         4,       100,         0,         10000,      7079,    0.00000000
10000,       200,        0.0037,    2.71668511,   16.27500000,   16.27500000,    2.71668511,         4,       100,         0,         10000,       967,    0.00000000
10000,       200,        0.0040,    2.72671622,   16.14500000,   16.14500000,    2.72671622,         4,       100,         0,         10000,      1025,    0.00000000
10000,       200,        0.0315,    3.53341258,   11.57000000,   11.57000000,    3.53341258,         4,       100,         0,         10000,      7132,    0.00000000
10000,       200,        0.0043,    2.74353560,   16.03000000,   16.03000000,    2.74353560,         4,       100,         0,         10000,      1086,    0.00000000
10000,       200,        0.0610,    3.98530398,    9.28000000,    9.28000000,    3.98530398,         4,       100,         0,         10000,     13207,    0.00000000
10000,       200,        0.0045,    2.76268371,   16.45500000,   16.45500000,    2.76268371,         4,       100,         0,         10000,      1148,    0.00000000
10000,       200,        0.0907,    4.34587099,    8.96500000,    8.96500000,    4.34587099,         4,       100,         0,         10000,     19076,    0.00000000
10000,       200,        0.0048,    2.78514367,   16.35000000,   16.35000000,    2.78514367,         4,       100,         0,         10000,      1211,    0.00000000
10000,       200,        0.0318,    3.53865591,   11.55500000,   11.55500000,    3.53865591,         4,       100,         0,         10000,      7186,    0.00000000
10000,       200,        0.1207,    4.73309319,    5.00000000,    5.00000000,    4.73309319,         4,       100,         0,         10000,     25157,    0.00000000
10000,       200,        0.0050,    2.78895427,   16.45000000,   16.45000000,    2.78895427,         4,       100,         0,         10000,      1266,    0.00000000
10000,       200,        0.0053,    2.79777423,   16.25000000,   16.25000000,    2.79777423,         4,       100,         0,         10000,      1323,    0.00000000
10000,       200,        0.0612,    3.98904926,    9.22500000,    9.22500000,    3.98904926,         4,       100,         0,         10000,     13259,    0.00000000
10000,       200,        0.0320,    3.54255801,   11.73500000,   11.73500000,    3.54255801,         4,       100,         0,         10000,      7238,    0.00000000
10000,       200,        0.0055,    2.81964262,   16.38500000,   16.38500000,    2.81964262,         4,       100,         0,         10000,      1387,    0.00000000
10000,       200,        0.0057,    2.83025078,   16.75500000,   16.75500000,    2.83025078,         4,       100,         0,         10000,      1445,    0.00000000
10000,       200,        0.0910,    4.34877614,    8.88000000,    8.88000000,    4.34877614,         4,       100,         0,         10000,     19125,    0.00000000
10000,       200,        0.0323,    3.54733441,   11.52500000,   11.52500000,    3.54733441,         4,       100,         0,         10000,      7291,    0.00000000
10000,       200,        0.0060,    2.83445662,   16.31500000,   16.31500000,    2.83445662,         4,       100,         0,         10000,      1499,    0.00000000
10000,       200,        0.0615,    3.99252270,    9.49000000,    9.49000000,    3.99252270,         4,       100,         0,         10000,     13309,    0.00000000
10000,       200,        0.0063,    2.84448636,   14.91500000,   14.91500000,    2.84448636,         4,       100,         0,         10000,      1557,    0.00000000
10000,       200,        0.1210,    4.73649928,    5.00000000,    5.00000000,    4.73649928,         4,       100,         0,         10000,     25209,    0.00000000
10000,       200,        0.0325,    3.55274449,   11.58000000,   11.58000000,    3.55274449,         4,       100,         0,         10000,      7346,    0.00000000
10000,       200,        0.0065,    2.86397544,   15.08500000,   15.08500000,    2.86397544,         4,       100,         0,         10000,      1620,    0.00000000
10000,       200,        0.0068,    2.87863896,   14.87500000,   14.87500000,    2.87863896,         4,       100,         0,         10000,      1680,    0.00000000
10000,       200,        0.0617,    3.99625608,    9.34000000,    9.34000000,    3.99625608,         4,       100,         0,         10000,     13361,    0.00000000
10000,       200,        0.0328,    3.55803410,   11.51500000,   11.51500000,    3.55803410,         4,       100,         0,         10000,      7400,    0.00000000
10000,       200,        0.0070,    2.88655395,   15.29500000,   15.29500000,    2.88655395,         4,       100,         0,         10000,      1736,    0.00000000
10000,       200,        0.0912,    4.35147005,    8.95000000,    8.95000000,    4.35147005,         4,       100,         0,         10000,     19173,    0.00000000
10000,       200,        0.0073,    2.89728012,   15.08000000,   15.08000000,    2.89728012,         4,       100,         0,         10000,      1794,    0.00000000
10000,       200,        0.0075,    2.91285145,   15.22500000,   15.22500000,    2.91285145,         4,       100,         0,         10000,      1856,    0.00000000
10000,       200,        0.0330,    3.56165184,   11.45500000,   11.45500000,    3.56165184,         4,       100,         0,         10000,      7451,    0.00000000
10000,       200,        0.1212,    4.74009140,    5.00000000,    5.00000000,    4.74009140,         4,       100,         0,         10000,     25262,    0.00000000
10000,       200,        0.0077,    2.92694768,   15.32000000,   15.32000000,    2.92694768,         4,       100,         0,         10000,      1916,    0.00000000
10000,       200,        0.0620,    3.99922273,    9.35000000,    9.35000000,    3.99922273,         4,       100,         0,         10000,     13410,    0.00000000
10000,       200,        0.0080,    2.93274278,   15.15000000,   15.15000000,    2.93274278,         4,       100,         0,         10000,      1971,    0.00000000
10000,       200,        0.0333,    3.56689595,   11.69000000,   11.69000000,    3.56689595,         4,       100,         0,         10000,      7506,    0.00000000
10000,       200,        0.0915,    4.35438768,    8.94000000,    8.94000000,    4.35438768,         4,       100,         0,         10000,     19222,    0.00000000
10000,       200,        0.0083,    2.94489970,   15.47000000,   15.47000000,    2.94489970,         4,       100,         0,         10000,      2030,    0.00000000
10000,       200,        0.0085,    2.95783424,   15.23000000,   15.23000000,    2.95783424,         4,       100,         0,         10000,      2090,    0.00000000
10000,       200,        0.0335,    3.57118452,   11.52500000,   11.52500000,    3.57118452,         4,       100,         0,         10000,      7558,    0.00000000
10000,       200,        0.0622,    4.00280752,    9.36000000,    9.36000000,    4.00280752,         4,       100,         0,         10000,     13461,    0.00000000
10000,       200,        0.1215,    4.74330664,    5.00000000,    5.00000000,    4.74330664,         4,       100,         0,         10000,     25313,    0.00000000
10000,       200,        0.0088,    2.96858255,   15.36500000,   15.36500000,    2.96858255,         4,       100,         0,         10000,      2148,    0.00000000
10000,       200,        0.0090,    2.97574315,   15.38000000,   15.38000000,    2.97574315,         4,       100,         0,         10000,      2204,    0.00000000
10000,       200,        0.0338,    3.57566356,   11.50000000,   11.50000000,    3.57566356,         4,       100,         0,         10000,      7611,    0.00000000
10000,       200,        0.0917,    4.35689696,    8.99500000,    8.99500000,    4.35689696,         4,       100,         0,         10000,     19269,    0.00000000
10000,       200,        0.0093,    2.98879986,   15.17500000,   15.17500000,    2.98879986,         4,       100,         0,         10000,      2264,    0.00000000
10000,       200,        0.0625,    4.00680048,    9.39500000,    9.39500000,    4.00680048,         4,       100,         0,         10000,     13514,    0.00000000
10000,       200,        0.0095,    2.99217918,   15.21500000,   15.21500000,    2.99217918,         4,       100,         0,         10000,      2317,    0.00000000
10000,       200,        0.0340,    3.58131300,   11.51000000,   11.51000000,    3.58131300,         4,       100,         0,         10000,      7666,    0.00000000
10000,       200,        0.0097,    3.00492076,   15.27000000,   15.27000000,    3.00492076,         4,       100,         0,         10000,      2377,    0.00000000
10000,       200,        0.1217,    4.74689507,    5.00000000,    5.00000000,    4.74689507,         4,       100,         0,         10000,     25366,    0.00000000
10000,       200,        0.0100,    3.01092410,   15.32500000,   15.32500000,    3.01092410,         4,       100,         0,         10000,      2432,    0.00000000
10000,       200,        0.0343,    3.58469185,   11.40500000,   11.40500000,    3.58469185,         4,       100,         0,         10000,      7717,    0.00000000
10000,       200,        0.0628,    4.00955584,    9.19000000,    9.19000000,    4.00955584,         4,       100,         0,         10000,     13562,    0.00000000
10000,       200,        0.0920,    4.35925406,    8.90000000,    8.90000000,    4.35925406,         4,       100,         0,         10000,     19316,    0.00000000
10000,       200,        0.0103,    3.01815281,   15.30500000,   15.30500000,    3.01815281,         4,       100,         0,         10000,      2488,    0.00000000
10000,       200,        0.0105,    3.02762312,   15.37500000,   15.37500000,    3.02762312,         4,       100,         0,         10000,      2545,    0.00000000
10000,       200,        0.0345,    3.58907140,   11.39000000,   11.39000000,    3.58907140,         4,       100,         0,         10000,      7769,    0.00000000
10000,       200,        0.0108,    3.03823923,   15.56500000,   15.56500000,    3.03823923,         4,       100,         0,         10000,      2604,    0.00000000
10000,       200,        0.0630,    4.01293104,    9.34500000,    9.34500000,    4.01293104,         4,       100,         0,         10000,     13613,    0.00000000
10000,       200,        0.1220,    4.75010765,    5.00000000,    5.00000000,    4.75010765,         4,       100,         0,         10000,     25417,    0.00000000
10000,       200,        0.0348,    3.59350006,   11.55000000,   11.55000000,    3.59350006,         4,       100,         0,         10000,      7822,    0.00000000
10000,       200,        0.0110,    3.04561136,   15.29500000,   15.29500000,    3.04561136,         4,       100,         0,         10000,      2660,    0.00000000
10000,       200,        0.0922,    4.36203647,    8.86000000,    8.86000000,    4.36203647,         4,       100,         0,         10000,     19364,    0.00000000
10000,       200,        0.0112,    3.04876098,   15.02500000,   15.02500000,    3.04876098,         4,       100,         0,         10000,      2712,    0.00000000
10000,       200,        0.0350,    3.59729157,   11.52500000,   11.52500000,    3.59729157,         4,       100,         0,         10000,      7873,    0.00000000
10000,       200,        0.0115,    3.05776224,   15.11000000,   15.11000000,    3.05776224,         4,       100,         0,         10000,      2769,    0.00000000
10000,       200,        0.0633,    4.01690310,    9.39000000,    9.39000000,    4.01690310,         4,       100,         0,         10000,     13666,    0.00000000
10000,       200,        0.0118,    3.06694071,   15.06000000,   15.06000000,    3.06694071,         4,       100,         0,         10000,      2827,    0.00000000
10000,       200,        0.0353,    3.60351878,   11.40000000,   11.40000000,    3.60351878,         4,       100,         0,         10000,      7930,    0.00000000
10000,       200,        0.1222,    4.75369244,    5.00000000,    5.00000000,    4.75369244,         4,       100,         0,         10000,     25470,    0.00000000
10000,       200,        0.0120,    3.07025930,   14.74500000,   14.74500000,    3.07025930,         4,       100,         0,         10000,      2879,    0.00000000
10000,       200,        0.0635,    4.01979916,    9.22500000,    9.22500000,    4.01979916,         4,       100,         0,         10000,     13714,    0.00000000
10000,       200,        0.0925,    4.36426714,    8.80000000,    8.80000000,    4.36426714,         4,       100,         0,         10000,     19410,    0.00000000
10000,       200,        0.0123,    3.07772294,   14.63000000,   14.63000000,    3.07772294,         4,       100,         0,         10000,      2935,    0.00000000
10000,       200,        0.0355,    3.60723176,   11.46000000,   11.46000000,    3.60723176,         4,       100,         0,         10000,      7981,    0.00000000
10000,       200,        0.0125,    3.08513812,   13.37500000,   13.37500000,    3.08513812,         4,       100,         0,         10000,      2990,    0.00000000
10000,       200,        0.0128,    3.09670148,   13.56500000,   13.56500000,    3.09670148,         4,       100,         0,         10000,      3050,    0.00000000
10000,       200,        0.0358,    3.61119717,   11.43000000,   11.43000000,    3.61119717,         4,       100,         0,         10000,      8033,    0.00000000
10000,       200,        0.0638,    4.02318031,    9.27000000,    9.27000000,    4.02318031,         4,       100,         0,         10000,     13765,    0.00000000
10000,       200,        0.0130,    3.10484668,   13.38500000,   13.38500000,    3.10484668,         4,       100,         0,         10000,      3107,    0.00000000
10000,       200,        0.1225,    4.75708877,    5.00000000,    5.00000000,    4.75708877,         4,       100,         0,         10000,     25522,    0.00000000
10000,       200,        0.0927,    4.36738095,    8.88000000,    8.88000000,    4.36738095,         4,       100,         0,         10000,     19460,    0.00000000
10000,       200,        0.0133,    3.11084097,   13.33000000,   13.33000000,    3.11084097,         4,       100,         0,         10000,      3161,    0.00000000
10000,       200,        0.0360,    3.61476025,   11.42000000,   11.42000000,    3.61476025,         4,       100,         0,         10000,      8084,    0.00000000
10000,       200,        0.0135,    3.11851483,   13.70000000,   13.70000000,    3.11851483,         4,       100,         0,         10000,      3218,    0.00000000
10000,       200,        0.0640,    4.02627010,    9.21000000,    9.21000000,    4.02627010,         4,       100,         0,         10000,     13815,    0.00000000
10000,       200,        0.0363,    3.62110300,   11.33500000,   11.33500000,    3.62110300,         4,       100,         0,         10000,      8141,    0.00000000
10000,       200,        0.0138,    3.12935723,   13.56500000,   13.56500000,    3.12935723,         4,       100,         0,         10000,      3277,    0.00000000
10000,       200,        0.1227,    4.76048356,    5.00000000,    5.00000000,    4.76048356,         4,       100,         0,         10000,     25574,    0.00000000
10000,       200,        0.0140,    3.13531496,   13.72000000,   13.72000000,    3.13531496,         4,       100,         0,         10000,      3332,    0.00000000
10000,       200,        0.0930,    4.36988894,    8.80000000,    8.80000000,    4.36988894,         4,       100,         0,         10000,     19507,    0.00000000
10000,       200,        0.0365,    3.62331465,   11.46500000,   11.46500000,    3.62331465,         4,       100,         0,         10000,      8188,    0.00000000
10000,       200,        0.0643,    4.03054440,    9.34500000,    9.34500000,    4.03054440,         4,       100,         0,         10000,     13868,    0.00000000
10000,       200,        0.0143,    3.14234126,   13.51500000,   13.51500000,    3.14234126,         4,       100,         0,         10000,      3387,    0.00000000
10000,       200,        0.0145,    3.15166061,   13.37000000,   13.37000000,    3.15166061,         4,       100,         0,         10000,      3445,    0.00000000
10000,       200,        0.0368,    3.62752714,   11.54000000,   11.54000000,    3.62752714,         4,       100,         0,         10000,      8241,    0.00000000
10000,       200,        0.0148,    3.16070955,   13.54500000,   13.54500000,    3.16070955,         4,       100,         0,         10000,      3503,    0.00000000
10000,       200,        0.0645,    4.03331107,    9.39000000,    9.39000000,    4.03331107,         4,       100,         0,         10000,     13917,    0.00000000
10000,       200,        0.0932,    4.37281182,    8.81000000,    8.81000000,    4.37281182,         4,       100,         0,         10000,     19556,    0.00000000
10000,       200,        0.1230,    4.76369090,    5.00000000,    5.00000000,    4.76369090,         4,       100,         0,         10000,     25625,    0.00000000
10000,       200,        0.0370,    3.63166220,   11.51000000,   11.51000000,    3.63166220,         4,       100,         0,         10000,      8293,    0.00000000
10000,       200,        0.0150,    3.16746841,   13.34500000,   13.34500000,    3.16746841,         4,       100,         0,         10000,      3558,    0.00000000
10000,       200,        0.0152,    3.17350212,   13.57000000,   13.57000000,    3.17350212,         4,       100,         0,         10000,      3613,    0.00000000
10000,       200,        0.0373,    3.63712151,   11.58000000,   11.58000000,    3.63712151,         4,       100,         0,         10000,      8348,    0.00000000
10000,       200,        0.0648,    4.03651180,    9.22500000,    9.22500000,    4.03651180,         4,       100,         0,         10000,     13967,    0.00000000
10000,       200,        0.0155,    3.18125136,   13.49000000,   13.49000000,    3.18125136,         4,       100,         0,         10000,      3670,    0.00000000
10000,       200,        0.0935,    4.37529919,    8.76500000,    8.76500000,    4.37529919,         4,       100,         0,         10000,     19603,    0.00000000
10000,       200,        0.0158,    3.18890726,   13.45500000,   13.45500000,    3.18890726,         4,       100,         0,         10000,      3726,    0.00000000
10000,       200,        0.0375,    3.63971939,   11.50000000,   11.50000000,    3.63971939,         4,       100,         0,         10000,      8397,    0.00000000
10000,       200,        0.1232,    4.76745416,    5.00000000,    5.00000000,    4.76745416,         4,       100,         0,         10000,     25679,    0.00000000
10000,       200,        0.0650,    4.04017896,    9.30000000,    9.30000000,    4.04017896,         4,       100,         0,         10000,     14018,    0.00000000
10000,       200,        0.0160,    3.19567354,   13.52500000,   13.52500000,    3.19567354,         4,       100,         0,         10000,      3782,    0.00000000
10000,       200,        0.0378,    3.64495447,   11.38000000,   11.38000000,    3.64495447,         4,       100,         0,         10000,      8451,    0.00000000
10000,       200,        0.0163,    3.20282534,   13.54500000,   13.54500000,    3.20282534,         4,       100,         0,         10000,      3838,    0.00000000
10000,       200,        0.0165,    3.20925913,   13.64000000,   13.64000000,    3.20925913,         4,       100,         0,         10000,      3893,    0.00000000
10000,       200,        0.0938,    4.37771209,    8.75500000,    8.75500000,    4.37771209,         4,       100,         0,         10000,     19649,    0.00000000
10000,       200,        0.0653,    4.04341629,    9.28000000,    9.28000000,    4.04341629,         4,       100,         0,         10000,     14068,    0.00000000
10000,       200,        0.0380,    3.64912460,   11.50000000,   11.50000000,    3.64912460,         4,       100,         0,         10000,      8504,    0.00000000
10000,       200,        0.1235,    4.77065869,    5.00000000,    5.00000000,    4.77065869,         4,       100,         0,         10000,     25730,    0.00000000
10000,       200,        0.0168,    3.21854645,   13.52500000,   13.52500000,    3.21854645,         4,       100,         0,         10000,      3951,    0.00000000
10000,       200,        0.0170,    3.22532538,   13.48500000,   13.48500000,    3.22532538,         4,       100,         0,         10000,      4007,    0.00000000
10000,       200,        0.0383,    3.65315076,   11.52000000,   11.52000000,    3.65315076,         4,       100,         0,         10000,      8556,    0.00000000
10000,       200,        0.0655,    4.04698253,    9.32500000,    9.32500000,    4.04698253,         4,       100,         0,         10000,     14119,    0.00000000
10000,       200,        0.0173,    3.23091555,   13.58000000,   13.58000000,    3.23091555,         4,       100,         0,         10000,      4061,    0.00000000
10000,       200,        0.0940,    4.38070362,    8.67000000,    8.67000000,    4.38070362,         4,       100,         0,         10000,     19699,    0.00000000
10000,       200,        0.0385,    3.65727290,   11.58000000,   11.58000000,    3.65727290,         4,       100,         0,         10000,      8608,    0.00000000
10000,       200,        0.0175,    3.23671713,   13.47500000,   13.47500000,    3.23671713,         4,       100,         0,         10000,      4115,    0.00000000
10000,       200,        0.1237,    4.77404736,    5.00000000,    5.00000000,    4.77404736,         4,       100,         0,         10000,     25782,    0.00000000
10000,       200,        0.0178,    3.24549365,   13.64000000,   13.64000000,    3.24549365,         4,       100,         0,         10000,      4174,    0.00000000
10000,       200,        0.0658,    4.04990459,    9.23500000,    9.23500000,    4.04990459,         4,       100,         0,         10000,     14168,    0.00000000
10000,       200,        0.0388,    3.66103711,   11.44000000,   11.44000000,    3.66103711,         4,       100,         0,         10000,      8659,    0.00000000
10000,       200,        0.0180,    3.24967515,   13.57000000,   13.57000000,    3.24967515,         4,       100,         0,         10000,      4226,    0.00000000
10000,       200,        0.0943,    4.38335941,    8.71000000,    8.71000000,    4.38335941,         4,       100,         0,         10000,     19746,    0.00000000
10000,       200,        0.0390,    3.66608301,   11.46000000,   11.46000000,    3.66608301,         4,       100,         0,         10000,      8713,    0.00000000
10000,       200,        0.0183,    3.25706591,   13.43000000,   13.43000000,    3.25706591,         4,       100,         0,         10000,      4283,    0.00000000
10000,       200,        0.0660,    4.05331936,    9.34500000,    9.34500000,    4.05331936,         4,       100,         0,         10000,     14219,    0.00000000
10000,       200,        0.1240,    4.77743452,    5.00000000,    5.00000000,    4.77743452,         4,       100,         0,         10000,     25834,    0.00000000
10000,       200,        0.0185,    3.26095978,   13.32500000,   13.32500000,    3.26095978,         4,       100,         0,         10000,      4334,    0.00000000
10000,       200,        0.0393,    3.66955112,   11.50000000,   11.50000000,    3.66955112,         4,       100,         0,         10000,      8764,    0.00000000
10000,       200,        0.0187,    3.26855286,   13.55000000,   13.55000000,    3.26855286,         4,       100,         0,         10000,      4391,    0.00000000
10000,       200,        0.0663,    4.05675375,    9.30000000,    9.30000000,    4.05675375,         4,       100,         0,         10000,     14270,    0.00000000
10000,       200,        0.0945,    4.38554722,    8.59500000,    8.59500000,    4.38554722,         4,       100,         0,         10000,     19792,    0.00000000
10000,       200,        0.0395,    3.67320164,   11.38000000,   11.38000000,    3.67320164,         4,       100,         0,         10000,      8815,    0.00000000
10000,       200,        0.0190,    3.27304069,   13.41500000,   13.41500000,    3.27304069,         4,       100,         0,         10000,      4444,    0.00000000
10000,       200,        0.0192,    3.27846188,   13.48000000,   13.48000000,    3.27846188,         4,       100,         0,         10000,      4498,    0.00000000
10000,       200,        0.1242,    4.78100487,    5.00000000,    5.00000000,    4.78100487,         4,       100,         0,         10000,     25887,    0.00000000
10000,       200,        0.0398,    3.67704219,   11.46000000,   11.46000000,    3.67704219,         4,       100,         0,         10000,      8866,    0.00000000
10000,       200,        0.0665,    4.05976956,    9.28500000,    9.28500000,    4.05976956,         4,       100,         0,         10000,     14319,    0.00000000
10000,       200,        0.0195,    3.28551905,   13.46500000,   13.46500000,    3.28551905,         4,       100,         0,         10000,      4554,    0.00000000
10000,       200,        0.0948,    4.38848273,    8.66500000,    8.66500000,    4.38848273,         4,       100,         0,         10000,     19841,    0.00000000
10000,       200,        0.0198,    3.29241592,   13.34000000,   13.34000000,    3.29241592,         4,       100,         0,         10000,      4610,    0.00000000
10000,       200,        0.0400,    3.68154666,   11.42000000,   11.42000000,    3.68154666,         4,       100,         0,         10000,      8920,    0.00000000
10000,       200,        0.0200,    3.29624372,   13.40000000,   13.40000000,    3.29624372,         4,       100,         0,         10000,      4662,    0.00000000
10000,       200,        0.0668,    4.06303744,    9.25000000,    9.25000000,    4.06303744,         4,       100,         0,         10000,     14370,    0.00000000
10000,       200,        0.1245,    4.78420436,    5.00000000,    5.00000000,    4.78420436,         4,       100,         0,         10000,     25938,    0.00000000
10000,       200,        0.0403,    3.68564577,   11.42000000,   11.42000000,    3.68564577,         4,       100,         0,         10000,      8972,    0.00000000
10000,       200,        0.0203,    3.30240569,   13.41000000,   13.41000000,    3.30240569,         4,       100,         0,         10000,      4717,    0.00000000
10000,       200,        0.0950,    4.39091449,    8.56500000,    8.56500000,    4.39091449,         4,       100,         0,         10000,     19888,    0.00000000
10000,       200,        0.0205,    3.30809461,   13.58500000,   13.58500000,    3.30809461,         4,       100,         0,         10000,      4771,    0.00000000
10000,       200,        0.0405,    3.68862142,   11.48000000,   11.48000000,    3.68862142,         4,       100,         0,         10000,      9021,    0.00000000
10000,       200,        0.0670,    4.06622682,    9.29500000,    9.29500000,    4.06622682,         4,       100,         0,         10000,     14419,    0.00000000
10000,       200,        0.0208,    3.31496451,   13.54500000,   13.54500000,    3.31496451,         4,       100,         0,         10000,      4827,    0.00000000
10000,       200,        0.0408,    3.69262778,   11.59500000,   11.59500000,    3.69262778,         4,       100,         0,         10000,      9073,    0.00000000
10000,       200,        0.1247,    4.78777126,    5.00000000,    5.00000000,    4.78777126,         4,       100,         0,         10000,     25991,    0.00000000
10000,       200,        0.0210,    3.31790369,   13.54500000,   13.54500000,    3.31790369,         4,       100,         0,         10000,      4877,    0.00000000
10000,       200,        0.0673,    4.06976299,    9.22500000,    9.22500000,    4.06976299,         4,       100,         0,         10000,     14471,    0.00000000
10000,       200,        0.0953,    4.39392179,    8.52000000,    8.52000000,    4.39392179,         4,       100,         0,         10000,     19937,    0.00000000
10000,       200,        0.0213,    3.32580510,   13.58000000,   13.58000000,    3.32580510,         4,       100,         0,         10000,      4935,    0.00000000
10000,       200,        0.0410,    3.69670052,   11.56000000,   11.56000000,    3.69670052,         4,       100,         0,         10000,      9125,    0.00000000
10000,       200,        0.0215,    3.32867645,   13.52500000,   13.52500000,    3.32867645,         4,       100,         0,         10000,      4985,    0.00000000
10000,       200,        0.0675,    4.07282553,    9.24000000,    9.24000000,    4.07282553,         4,       100,         0,         10000,     14520,    0.00000000
10000,       200,        0.0413,    3.70027010,   11.46000000,   11.46000000,    3.70027010,         4,       100,         0,         10000,      9176,    0.00000000
10000,       200,        0.1250,    4.79096827,    5.00000000,    5.00000000,    4.79096827,         4,       100,         0,         10000,     26042,    0.00000000
10000,       200,        0.0218,    3.33492416,   13.40000000,   13.40000000,    3.33492416,         4,       100,         0,         10000,      5040,    0.00000000
10000,       200,        0.0955,    4.39627179,    8.50000000,    8.50000000,    4.39627179,         4,       100,         0,         10000,     19983,    0.00000000
10000,       200,        0.0220,    3.34071936,   13.63000000,   13.63000000,    3.34071936,         4,       100,         0,         10000,      5095,    0.00000000
10000,       200,        0.0415,    3.70309843,   11.50000000,   11.50000000,    3.70309843,         4,       100,         0,         10000,      9225,    0.00000000
10000,       200,        0.0678,    4.07670501,    9.25500000,    9.25500000,    4.07670501,         4,       100,         0,         10000,     14573,    0.00000000
10000,       200,        0.0222,    3.34306503,   13.50000000,   13.50000000,    3.34306503,         4,       100,         0,         10000,      5144,    0.00000000
10000,       200,        0.0418,    3.70652210,   11.50000000,   11.50000000,    3.70652210,         4,       100,         0,         10000,      9275,    0.00000000
10000,       200,        0.1253,    4.79453176,    5.00000000,    5.00000000,    4.79453176,         4,       100,         0,         10000,     26095,    0.00000000
10000,       200,        0.0225,    3.34932652,   13.50000000,   13.50000000,    3.34932652,         4,       100,         0,         10000,      5200,    0.00000000
10000,       200,        0.0958,    4.39881675,    8.41000000,    8.41000000,    4.39881675,         4,       100,         0,         10000,     20031,    0.00000000
10000,       200,        0.0680,    4.07998040,    9.26500000,    9.26500000,    4.07998040,         4,       100,         0,         10000,     14623,    0.00000000
10000,       200,        0.0420,    3.71156524,   11.41500000,   11.41500000,    3.71156524,         4,       100,         0,         10000,      9330,    0.00000000
10000,       200,        0.0227,    3.35556692,   13.68500000,   13.68500000,    3.35556692,         4,       100,         0,         10000,      5255,    0.00000000
10000,       200,        0.0230,    3.35913706,   13.44000000,   13.44000000,    3.35913706,         4,       100,         0,         10000,      5306,    0.00000000
10000,       200,        0.0423,    3.71591710,   11.57500000,   11.57500000,    3.71591710,         4,       100,         0,         10000,      9383,    0.00000000
10000,       200,        0.0683,    4.08353301,    9.21000000,    9.21000000,    4.08353301,         4,       100,         0,         10000,     14674,    0.00000000
10000,       200,        0.1255,    4.79790983,    5.00000000,    5.00000000,    4.79790983,         4,       100,         0,         10000,     26147,    0.00000000
10000,       200,        0.0960,    4.40116323,    8.48500000,    8.48500000,    4.40116323,         4,       100,         0,         10000,     20077,    0.00000000
10000,       200,        0.0232,    3.36302307,   13.45500000,   13.45500000,    3.36302307,         4,       100,         0,         10000,      5357,    0.00000000
10000,       200,        0.0425,    3.71909991,   11.51500000,   11.51500000,    3.71909991,         4,       100,         0,         10000,      9433,    0.00000000
10000,       200,        0.0235,    3.36918634,   13.64000000,   13.64000000,    3.36918634,         4,       100,         0,         10000,      5413,    0.00000000
10000,       200,        0.0685,    4.08566622,    9.35500000,    9.35500000,    4.08566622,         4,       100,         0,         10000,     14720,    0.00000000
10000,       200,        0.0238,    3.37373961,   13.33500000,   13.33500000,    3.37373961,         4,       100,         0,         10000,      5465,    0.00000000
10000,       200,        0.0428,    3.72266971,   11.54000000,   11.54000000,    3.72266971,         4,       100,         0,         10000,      9483,    0.00000000
10000,       200,        0.1258,    4.80128645,    5.00000000,    5.00000000,    4.80128645,         4,       100,         0,         10000,     26199,    0.00000000
10000,       200,        0.0963,    4.40396437,    8.28000000,    8.28000000,    4.40396437,         4,       100,         0,         10000,     20125,    0.00000000
10000,       200,        0.0240,    3.37764036,   13.50500000,   13.50500000,    3.37764036,         4,       100,         0,         10000,      5517,    0.00000000
10000,       200,        0.0688,    4.08945555,    9.37000000,    9.37000000,    4.08945555,         4,       100,         0,         10000,     14772,    0.00000000
10000,       200,        0.0430,    3.72634970,   11.61000000,   11.61000000,    3.72634970,         4,       100,         0,         10000,      9535,    0.00000000
10000,       200,        0.0243,    3.38203345,   13.08500000,   13.08500000,    3.38203345,         4,       100,         0,         10000,      5569,    0.00000000
10000,       200,        0.0245,    3.38691553,   13.04500000,   13.04500000,    3.38691553,         4,       100,         0,         10000,      5622,    0.00000000
10000,       200,        0.0433,    3.72918895,   11.37000000,   11.37000000,    3.72918895,         4,       100,         0,         10000,      9584,    0.00000000
10000,       200,        0.0965,    4.40646525,    8.30000000,    8.30000000,    4.40646525,         4,       100,         0,         10000,     20172,    0.00000000
10000,       200,        0.1260,    4.80447860,    5.00000000,    5.00000000,    4.80447860,         4,       100,         0,         10000,     26250,    0.00000000
10000,       200,        0.0690,    4.09166731,    9.33500000,    9.33500000,    4.09166731,         4,       100,         0,         10000,     14819,    0.00000000
10000,       200,        0.0248,    3.39207133,   12.83500000,   12.83500000,    3.39207133,         4,       100,         0,         10000,      5676,    0.00000000
10000,       200,        0.0435,    3.73361193,   11.40000000,   11.40000000,    3.73361193,         4,       100,         0,         10000,      9637,    0.00000000
10000,       200,        0.0250,    3.39594650,   11.40000000,   11.40000000,    3.39594650,         4,       100,         0,         10000,      5727,    0.00000000
10000,       200,        0.0693,    4.09623117,    9.28500000,    9.28500000,    4.09623117,         4,       100,         0,         10000,     14874,    0.00000000
10000,       200,        0.0438,    3.73698846,   11.68000000,   11.68000000,    3.73698846,         4,       100,         0,         10000,      9687,    0.00000000
10000,       200,        0.0253,    3.40247387,   11.40000000,   11.40000000,    3.40247387,         4,       100,         0,         10000,      5783,    0.00000000
10000,       200,        0.0968,    4.40916896,    8.24500000,    8.24500000,    4.40916896,         4,       100,         0,         10000,     20220,    0.00000000
10000,       200,        0.1263,    4.80821818,    5.00000000,    5.00000000,    4.80821818,         4,       100,         0,         10000,     26304,    0.00000000
10000,       200,        0.0255,    3.40778267,   11.50000000,   11.50000000,    3.40778267,         4,       100,         0,         10000,      5837,    0.00000000
10000,       200,        0.0440,    3.74076462,   11.49500000,   11.49500000,    3.74076462,         4,       100,         0,         10000,      9738,    0.00000000
10000,       200,        0.0695,    4.09865298,    9.16000000,    9.16000000,    4.09865298,         4,       100,         0,         10000,     14921,    0.00000000
10000,       200,        0.0258,    3.41422359,   11.51500000,   11.51500000,    3.41422359,         4,       100,         0,         10000,      5893,    0.00000000
10000,       200,        0.0970,    4.41143014,    8.15500000,    8.15500000,    4.41143014,         4,       100,         0,         10000,     20266,    0.00000000
10000,       200,        0.0443,    3.74471150,   11.65000000,   11.65000000,    3.74471150,         4,       100,         0,         10000,      9790,    0.00000000
10000,       200,        0.0260,    3.42013202,   11.41500000,   11.41500000,    3.42013202,         4,       100,         0,         10000,      5948,    0.00000000
10000,       200,        0.1265,    4.81140772,    5.00000000,    5.00000000,    4.81140772,         4,       100,         0,         10000,     26355,    0.00000000
10000,       200,        0.0698,    4.10225889,    9.32000000,    9.32000000,    4.10225889,         4,       100,         0,         10000,     14972,    0.00000000
10000,       200,        0.0263,    3.42403862,   11.55000000,   11.55000000,    3.42403862,         4,       100,         0,         10000,      5999,    0.00000000
10000,       200,        0.0445,    3.74806893,   11.45000000,   11.45000000,    3.74806893,         4,       100,         0,         10000,      9840,    0.00000000
10000,       200,        0.0265,    3.43034374,   11.52500000,   11.52500000,    3.43034374,         4,       100,         0,         10000,      6055,    0.00000000
10000,       200,        0.0973,    4.41452115,    8.09000000,    8.09000000,    4.41452115,         4,       100,         0,         10000,     20316,    0.00000000
10000,       200,        0.0700,    4.10519379,    9.27500000,    9.27500000,    4.10519379,         4,       100,         0,         10000,     15021,    0.00000000
10000,       200,        0.0448,    3.75121026,   11.58000000,   11.58000000,    3.75121026,         4,       100,         0,         10000,      9890,    0.00000000
10000,       200,        0.0267,    3.43630076,   11.51000000,   11.51000000,    3.43630076,         4,       100,         0,         10000,      6110,    0.00000000
10000,       200,        0.1268,    4.81477865,    5.00000000,    5.00000000,    4.81477865,         4,       100,         0,         10000,     26407,    0.00000000
10000,       200,        0.0270,    3.44115769,   11.64000000,   11.64000000,    3.44115769,         4,       100,         0,         10000,      6163,    0.00000000
10000,       200,        0.0450,    3.75563187,   11.50000000,   11.50000000,    3.75563187,         4,       100,         0,         10000,      9943,    0.00000000
10000,       200,        0.0703,    4.10875485,    9.33000000,    9.33000000,    4.10875485,         4,       100,         0,         10000,     15073,    0.00000000
10000,       200,        0.0975,    4.41676310,    8.07500000,    8.07500000,    4.41676310,         4,       100,         0,         10000,     20362,    0.00000000
10000,       200,        0.0272,    3.44682808,   11.69500000,   11.69500000,    3.44682808,         4,       100,         0,         10000,      6218,    0.00000000
10000,       200,        0.0453,    3.75785364,   11.27000000,   11.27000000,    3.75785364,         4,       100,         0,         10000,      9990,    0.00000000
10000,       200,        0.0275,    3.45194865,   11.54500000,   11.54500000,    3.45194865,         4,       100,         0,         10000,      6272,    0.00000000
10000,       200,        0.1270,    4.81814817,    5.00000000,    5.00000000,    4.81814817,         4,       100,         0,         10000,     26459,    0.00000000
10000,       200,        0.0705,    4.11138476,    9.12500000,    9.12500000,    4.11138476,         4,       100,         0,         10000,     15121,    0.00000000
10000,       200,        0.0455,    3.76136568,   11.41500000,   11.41500000,    3.76136568,         4,       100,         0,         10000,     10041,    0.00000000
10000,       200,        0.0278,    3.45734504,   11.42000000,   11.42000000,    3.45734504,         4,       100,         0,         10000,      6326,    0.00000000
10000,       200,        0.0978,    4.41948451,    7.90000000,    7.90000000,    4.41948451,         4,       100,         0,         10000,     20410,    0.00000000
10000,       200,        0.0280,    3.46243051,   11.55500000,   11.55500000,    3.46243051,         4,       100,         0,         10000,      6379,    0.00000000
10000,       200,        0.0458,    3.76522316,   11.37000000,   11.37000000,    3.76522316,         4,       100,         0,         10000,     10093,    0.00000000
10000,       200,        0.0708,    4.11503786,    9.24500000,    9.24500000,    4.11503786,         4,       100,         0,         10000,     15172,    0.00000000
10000,       200,        0.1273,    4.82169816,    5.00000000,    5.00000000,    4.82169816,         4,       100,         0,         10000,     26512,    0.00000000
10000,       200,        0.0283,    3.46800622,   11.71500000,   11.71500000,    3.46800622,         4,       100,         0,         10000,      6434,    0.00000000
10000,       200,        0.0460,    3.76849668,   11.57500000,   11.57500000,    3.76849668,         4,       100,         0,         10000,     10143,    0.00000000
10000,       200,        0.0980,    4.42194903,    7.84000000,    7.84000000,    4.42194903,         4,       100,         0,         10000,     20456,    0.00000000
10000,       200,        0.0285,    3.47307695,   11.43000000,   11.43000000,    3.47307695,         4,       100,         0,         10000,      6488,    0.00000000
10000,       200,        0.0710,    4.11814681,    9.35000000,    9.35000000,    4.11814681,         4,       100,         0,         10000,     15222,    0.00000000
10000,       200,        0.0463,    3.77192407,   11.25500000,   11.25500000,    3.77192407,         4,       100,         0,         10000,     10193,    0.00000000
10000,       200,        0.0288,    3.47931153,   11.50500000,   11.50500000,    3.47931153,         4,       100,         0,         10000,      6544,    0.00000000
10000,       200,        0.1275,    4.82488303,    5.00000000,    5.00000000,    4.82488303,         4,       100,         0,         10000,     26563,    0.00000000
10000,       200,        0.0713,    4.12142944,    9.22000000,    9.22000000,    4.12142944,         4,       100,         0,         10000,     15272,    0.00000000
10000,       200,        0.0290,    3.48324037,   11.65000000,   11.65000000,    3.48324037,         4,       100,         0,         10000,      6595,    0.00000000
10000,       200,        0.0983,    4.42470500,    7.60000000,    7.60000000,    4.42470500,         4,       100,         0,         10000,     20505,    0.00000000
10000,       200,        0.0465,    3.77528043,   11.36500000,   11.36500000,    3.77528043,         4,       100,         0,         10000,     10243,    0.00000000
10000,       200,        0.0293,    3.48894348,   11.68000000,   11.68000000,    3.48894348,         4,       100,         0,         10000,      6650,    0.00000000
10000,       200,        0.0468,    3.77895748,   11.29000000,   11.29000000,    3.77895748,         4,       100,         0,         10000,     10294,    0.00000000
10000,       200,        0.0715,    4.12416573,    9.26500000,    9.26500000,    4.12416573,         4,       100,         0,         10000,     15321,    0.00000000
10000,       200,        0.0295,    3.49387095,   11.62500000,   11.62500000,    3.49387095,         4,       100,         0,         10000,      6703,    0.00000000
10000,       200,        0.1278,    4.82842980,    5.00000000,    5.00000000,    4.82842980,         4,       100,         0,         10000,     26616,    0.00000000
10000,       200,        0.0985,    4.42711328,    7.59000000,    7.59000000,    4.42711328,         4,       100,         0,         10000,     20551,    0.00000000
10000,       200,        0.0298,    3.49881698,   11.59500000,   11.59500000,    3.49881698,         4,       100,         0,         10000,      6757,    0.00000000
10000,       200,        0.0470,    3.78204096,   11.39000000,   11.39000000,    3.78204096,         4,       100,         0,         10000,     10344,    0.00000000
10000,       200,        0.0718,    4.12737472,    9.21000000,    9.21000000,    4.12737472,         4,       100,         0,         10000,     15371,    0.00000000
10000,       200,        0.0300,    3.50491274,   11.43000000,   11.43000000,    3.50491274,         4,       100,         0,         10000,      6813,    0.00000000
10000,       200,        0.0473,    3.78612743,   11.33500000,   11.33500000,    3.78612743,         4,       100,         0,         10000,     10396,    0.00000000
10000,       200,        0.1280,    4.83161238,    5.00000000,    5.00000000,    4.83161238,         4,       100,         0,         10000,     26667,    0.00000000
10000,       200,        0.0988,    4.42967241,    7.38500000,    7.38500000,    4.42967241,         4,       100,         0,         10000,     20598,    0.00000000
10000,       200,        0.0720,    4.13059619,    9.17000000,    9.17000000,    4.13059619,         4,       100,         0,         10000,     15421,    0.00000000
10000,       200,        0.0475,    3.78889255,   11.46000000,   11.46000000,    3.78889255,         4,       100,         0,         10000,     10445,    0.00000000
10000,       200,        0.0478,    3.79196324,   11.47500000,   11.47500000,    3.79196324,         4,       100,         0,         10000,     10494,    0.00000000
10000,       200,        0.0723,    4.13444993,    9.28500000,    9.28500000,    4.13444993,         4,       100,         0,         10000,     15473,    0.00000000
10000,       200,        0.0990,    4.43184815,    7.27500000,    7.27500000,    4.43184815,         4,       100,         0,         10000,     20644,    0.00000000
10000,       200,        0.1283,    4.83515596,    5.00000000,    5.00000000,    4.83515596,         4,       100,         0,         10000,     26720,    0.00000000
10000,       200,        0.0480,    3.79548883,   11.18500000,   11.18500000,    3.79548883,         4,       100,         0,         10000,     10545,    0.00000000
10000,       200,        0.0725,    4.13710016,    9.25000000,    9.25000000,    4.13710016,         4,       100,         0,         10000,     15521,    0.00000000
10000,       200,        0.0993,    4.43491116,    7.12000000,    7.12000000,    4.43491116,         4,       100,         0,         10000,     20693,    0.00000000
10000,       200,        0.0483,    3.79900866,   11.20000000,   11.20000000,    3.79900866,         4,       100,         0,         10000,     10596,    0.00000000
10000,       200,        0.1285,    4.83851701,    5.00000000,    5.00000000,    4.83851701,         4,       100,         0,         10000,     26772,    0.00000000
10000,       200,        0.0728,    4.14034910,    9.33500000,    9.33500000,    4.14034910,         4,       100,         0,         10000,     15571,    0.00000000
10000,       200,        0.0485,    3.80206022,   11.18500000,   11.18500000,    3.80206022,         4,       100,         0,         10000,     10645,    0.00000000
10000,       200,        0.0995,    4.43727585,    6.87000000,    6.87000000,    4.43727585,         4,       100,         0,         10000,     20740,    0.00000000
10000,       200,        0.0488,    3.80541554,   11.05000000,   11.05000000,    3.80541554,         4,       100,         0,         10000,     10695,    0.00000000
10000,       200,        0.0730,    4.14300011,    9.20000000,    9.20000000,    4.14300011,         4,       100,         0,         10000,     15619,    0.00000000
10000,       200,        0.1288,    4.84187671,    5.00000000,    5.00000000,    4.84187671,         4,       100,         0,         10000,     26824,    0.00000000
10000,       200,        0.0490,    3.80906756,   11.12000000,   11.12000000,    3.80906756,         4,       100,         0,         10000,     10746,    0.00000000
10000,       200,        0.0998,    4.43973816,    6.58500000,    6.58500000,    4.43973816,         4,       100,         0,         10000,     20786,    0.00000000
10000,       200,        0.0733,    4.14633950,    9.15000000,    9.15000000,    4.14633950,         4,       100,         0,         10000,     15670,    0.00000000
10000,       200,        0.0493,    3.81181583,   10.89000000,   10.89000000,    3.81181583,         4,       100,         0,         10000,     10795,    0.00000000
10000,       200,        0.1290,    4.84505479,    5.00000000,    5.00000000,    4.84505479,         4,       100,         0,         10000,     26875,    0.00000000
10000,       200,        0.0735,    4.14889729,    9.22000000,    9.22000000,    4.14889729,         4,       100,         0,         10000,     15718,    0.00000000
10000,       200,        0.1000,    4.44225922,    5.00000000,    5.00000000,    4.44225922,         4,       100,         0,         10000,     20834,    0.00000000
10000,       200,        0.0495,    3.81504594,   10.69500000,   10.69500000,    3.81504594,         4,       100,         0,         10000,     10845,    0.00000000
10000,       200,        0.0498,    3.81811984,   10.44000000,   10.44000000,    3.81811984,         4,       100,         0,         10000,     10894,    0.00000000
10000,       200,        0.1293,    4.84877217,    5.00000000,    5.00000000,    4.84877217,         4,       100,         0,         10000,     26929,    0.00000000
10000,       200,        0.0738,    4.15265930,    9.25000000,    9.25000000,    4.15265930,         4,       100,         0,         10000,     15770,    0.00000000
10000,       200,        0.1003,    4.44605203,    5.00000000,    5.00000000,    4.44605203,         4,       100,         0,         10000,     20887,    0.00000000
10000,       200,        0.0500,    3.82158041,    9.27500000,    9.27500000,    3.82158041,         4,       100,         0,         10000,     10944,    0.00000000
10000,       200,        0.0740,    4.15501885,    9.16500000,    9.16500000,    4.15501885,         4,       100,         0,         10000,     15817,    0.00000000
10000,       200,        0.1295,    4.85194782,    5.00000000,    5.00000000,    4.85194782,         4,       100,         0,         10000,     26980,    0.00000000
10000,       200,        0.0503,    3.82568422,    9.53500000,    9.53500000,    3.82568422,         4,       100,         0,         10000,     10997,    0.00000000
10000,       200,        0.1005,    4.44941652,    5.00000000,    5.00000000,    4.44941652,         4,       100,         0,         10000,     20938,    0.00000000
10000,       200,        0.0743,    4.15869701,    9.18500000,    9.18500000,    4.15869701,         4,       100,         0,         10000,     15869,    0.00000000
10000,       200,        0.0505,    3.82967894,    9.34500000,    9.34500000,    3.82967894,         4,       100,         0,         10000,     11049,    0.00000000
10000,       200,        0.1298,    4.85530222,    5.00000000,    5.00000000,    4.85530222,         4,       100,         0,         10000,     27032,    0.00000000
10000,       200,        0.1008,    4.45320344,    5.00000000,    5.00000000,    4.45320344,         4,       100,         0,         10000,     20991,    0.00000000
10000,       200,        0.0508,    3.83350012,    9.24000000,    9.24000000,    3.83350012,         4,       100,         0,         10000,     11100,    0.00000000
10000,       200,        0.0745,    4.16126995,    9.18000000,    9.18000000,    4.16126995,         4,       100,         0,         10000,     15916,    0.00000000
10000,       200,        0.0510,    3.83777584,    9.38500000,    9.38500000,    3.83777584,         4,       100,         0,         10000,     11153,    0.00000000
10000,       200,        0.1010,    4.45656350,    5.00000000,    5.00000000,    4.45656350,         4,       100,         0,         10000,     21042,    0.00000000
10000,       200,        0.0748,    4.16436915,    9.33000000,    9.33000000,    4.16436915,         4,       100,         0,         10000,     15966,    0.00000000
10000,       200,        0.1300,    4.85865531,    5.00000000,    5.00000000,    4.85865531,         4,       100,         0,         10000,     27084,    0.00000000
10000,       200,        0.0513,    3.84163547,    9.33500000,    9.33500000,    3.84163547,         4,       100,         0,         10000,     11205,    0.00000000
10000,       200,        0.0750,    4.16685896,    9.24000000,    9.24000000,    4.16685896,         4,       100,         0,         10000,     16013,    0.00000000
10000,       200,        0.0515,    3.84547802,    9.51500000,    9.51500000,    3.84547802,         4,       100,         0,         10000,     11257,    0.00000000
10000,       200,        0.1013,    4.46034458,    5.00000000,    5.00000000,    4.46034458,         4,       100,         0,         10000,     21095,    0.00000000
10000,       200,        0.1303,    4.86218628,    5.00000000,    5.00000000,    4.86218628,         4,       100,         0,         10000,     27137,    0.00000000
10000,       200,        0.0518,    3.84912662,    9.31500000,    9.31500000,    3.84912662,         4,       100,         0,         10000,     11308,    0.00000000
10000,       200,        0.0753,    4.17040766,    9.15000000,    9.15000000,    4.17040766,         4,       100,         0,         10000,     16065,    0.00000000
10000,       200,        0.1015,    4.46391134,    5.00000000,    5.00000000,    4.46391134,         4,       100,         0,         10000,     21147,    0.00000000
10000,       200,        0.0520,    3.85339733,    9.42000000,    9.42000000,    3.85339733,         4,       100,         0,         10000,     11361,    0.00000000
10000,       200,        0.1305,    4.86535762,    5.00000000,    5.00000000,    4.86535762,         4,       100,         0,         10000,     27188,    0.00000000
10000,       200,        0.0755,    4.17353934,    9.15000000,    9.15000000,    4.17353934,         4,       100,         0,         10000,     16114,    0.00000000
10000,       200,        0.0523,    3.85706174,    9.33500000,    9.33500000,    3.85706174,         4,       100,         0,         10000,     11412,    0.00000000
10000,       200,        0.1018,    4.46747558,    5.00000000,    5.00000000,    4.46747558,         4,       100,         0,         10000,     21199,    0.00000000
10000,       200,        0.0758,    4.17656698,    9.15000000,    9.15000000,    4.17656698,         4,       100,         0,         10000,     16164,    0.00000000
10000,       200,        0.0525,    3.86079303,    9.31500000,    9.31500000,    3.86079303,         4,       100,         0,         10000,     11463,    0.00000000
10000,       200,        0.1308,    4.86888557,    5.00000000,    5.00000000,    4.86888557,         4,       100,         0,         10000,     27241,    0.00000000
10000,       200,        0.1020,    4.47103730,    5.00000000,    5.00000000,    4.47103730,         4,       100,         0,         10000,     21251,    0.00000000
10000,       200,        0.0528,    3.86516941,    9.27500000,    9.27500000,    3.86516941,         4,       100,         0,         10000,     11516,    0.00000000
10000,       200,        0.0760,    4.17974005,    9.31500000,    9.31500000,    4.17974005,         4,       100,         0,         10000,     16214,    0.00000000
10000,       200,        0.0530,    3.86899348,    9.38500000,    9.38500000,    3.86899348,         4,       100,         0,         10000,     11568,    0.00000000
10000,       200,        0.1310,    4.87205479,    5.00000000,    5.00000000,    4.87205479,         4,       100,         0,         10000,     27292,    0.00000000
10000,       200,        0.1023,    4.47480658,    5.00000000,    5.00000000,    4.47480658,         4,       100,         0,         10000,     21304,    0.00000000
10000,       200,        0.0763,    4.18301638,    9.22500000,    9.22500000,    4.18301638,         4,       100,         0,         10000,     16264,    0.00000000
10000,       200,        0.0533,    3.87250093,    9.29000000,    9.29000000,    3.87250093,         4,       100,         0,         10000,     11619,    0.00000000
10000,       200,        0.0765,    4.18581150,    9.16500000,    9.16500000,    4.18581150,         4,       100,         0,         10000,     16313,    0.00000000
10000,       200,        0.1313,    4.87557977,    5.00000000,    5.00000000,    4.87557977,         4,       100,         0,         10000,     27345,    0.00000000
10000,       200,        0.1025,    4.47815329,    5.00000000,    5.00000000,    4.47815329,         4,       100,         0,         10000,     21355,    0.00000000
10000,       200,        0.0535,    3.87644561,    9.31000000,    9.31000000,    3.87644561,         4,       100,         0,         10000,     11671,    0.00000000
10000,       200,        0.0538,    3.87992269,    9.26500000,    9.26500000,    3.87992269,         4,       100,         0,         10000,     11721,    0.00000000
10000,       200,        0.0768,    4.18877383,    9.15000000,    9.15000000,    4.18877383,         4,       100,         0,         10000,     16362,    0.00000000
10000,       200,        0.1028,    4.48170758,    5.00000000,    5.00000000,    4.48170758,         4,       100,         0,         10000,     21407,    0.00000000
10000,       200,        0.1315,    4.87892497,    5.00000000,    5.00000000,    4.87892497,         4,       100,         0,         10000,     27397,    0.00000000
10000,       200,        0.0540,    3.88405022,    9.27000000,    9.27000000,    3.88405022,         4,       100,         0,         10000,     11774,    0.00000000
10000,       200,        0.0770,    4.19178985,    9.18000000,    9.18000000,    4.19178985,         4,       100,         0,         10000,     16411,    0.00000000
10000,       200,        0.0543,    3.88813116,    9.44000000,    9.44000000,    3.88813116,         4,       100,         0,         10000,     11827,    0.00000000
10000,       200,        0.1030,    4.48525942,    5.00000000,    5.00000000,    4.48525942,         4,       100,         0,         10000,     21459,    0.00000000
10000,       200,        0.1318,    4.88226893,    5.00000000,    5.00000000,    4.88226893,         4,       100,         0,         10000,     27449,    0.00000000
10000,       200,        0.0773,    4.19433165,    9.13500000,    9.13500000,    4.19433165,         4,       100,         0,         10000,     16459,    0.00000000
10000,       200,        0.0545,    3.89133540,    9.31000000,    9.31000000,    3.89133540,         4,       100,         0,         10000,     11876,    0.00000000
10000,       200,        0.1033,    4.48901749,    5.00000000,    5.00000000,    4.48901749,         4,       100,         0,         10000,     21512,    0.00000000
10000,       200,        0.0775,    4.19759365,    9.16500000,    9.16500000,    4.19759365,         4,       100,         0,         10000,     16509,    0.00000000
10000,       200,        0.0548,    3.89537628,    9.35000000,    9.35000000,    3.89537628,         4,       100,         0,         10000,     11929,    0.00000000
10000,       200,        0.1320,    4.88561164,    5.00000000,    5.00000000,    4.88561164,         4,       100,         0,         10000,     27501,    0.00000000
10000,       200,        0.0550,    3.89924788,    9.30500000,    9.30500000,    3.89924788,         4,       100,         0,         10000,     11981,    0.00000000
10000,       200,        0.1035,    4.49235579,    5.00000000,    5.00000000,    4.49235579,         4,       100,         0,         10000,     21563,    0.00000000
10000,       200,        0.0778,    4.20074267,    9.21000000,    9.21000000,    4.20074267,         4,       100,         0,         10000,     16559,    0.00000000
10000,       200,        0.0553,    3.90330216,    9.36500000,    9.36500000,    3.90330216,         4,       100,         0,         10000,     12033,    0.00000000
10000,       200,        0.1323,    4.88913055,    5.00000000,    5.00000000,    4.88913055,         4,       100,         0,         10000,     27554,    0.00000000
10000,       200,        0.0780,    4.20430847,    9.15000000,    9.15000000,    4.20430847,         4,       100,         0,         10000,     16610,    0.00000000
10000,       200,        0.1038,    4.49610836,    5.00000000,    5.00000000,    4.49610836,         4,       100,         0,         10000,     21616,    0.00000000
10000,       200,        0.0555,    3.90695375,    9.47500000,    9.47500000,    3.90695375,         4,       100,         0,         10000,     12084,    0.00000000
10000,       200,        0.0783,    4.20598131,    9.13500000,    9.13500000,    4.20598131,         4,       100,         0,         10000,     16654,    0.00000000
10000,       200,        0.0558,    3.91057716,    9.44000000,    9.44000000,    3.91057716,         4,       100,         0,         10000,     12135,    0.00000000
10000,       200,        0.1325,    4.89229336,    5.00000000,    5.00000000,    4.89229336,         4,       100,         0,         10000,     27605,    0.00000000
10000,       200,        0.1040,    4.50006552,    5.00000000,    5.00000000,    4.50006552,         4,       100,         0,         10000,     21670,    0.00000000
10000,       200,        0.0560,    3.91434607,    9.31500000,    9.31500000,    3.91434607,         4,       100,         0,         10000,     12187,    0.00000000
10000,       200,        0.0785,    4.20877234,    9.15000000,    9.15000000,    4.20877234,         4,       100,         0,         10000,     16703,    0.00000000
10000,       200,        0.1328,    4.89563239,    5.00000000,    5.00000000,    4.89563239,         4,       100,         0,         10000,     27657,    0.00000000
10000,       200,        0.1043,    4.50318965,    5.00000000,    5.00000000,    4.50318965,         4,       100,         0,         10000,     21720,    0.00000000
10000,       200,        0.0563,    3.91786847,    9.47500000,    9.47500000,    3.91786847,         4,       100,         0,         10000,     12238,    0.00000000
10000,       200,        0.0788,    4.21144971,    9.15000000,    9.15000000,    4.21144971,         4,       100,         0,         10000,     16751,    0.00000000
10000,       200,        0.0565,    3.92137648,    9.28500000,    9.28500000,    3.92137648,         4,       100,         0,         10000,     12289,    0.00000000
10000,       200,        0.1045,    4.50672674,    5.00000000,    5.00000000,    4.50672674,         4,       100,         0,         10000,     21772,    0.00000000
10000,       200,        0.1330,    4.89897020,    5.00000000,    5.00000000,    4.89897020,         4,       100,         0,         10000,     27709,    0.00000000
10000,       200,        0.0790,    4.21555186,    9.07500000,    9.07500000,    4.21555186,         4,       100,         0,         10000,     16805,    0.00000000
10000,       200,        0.0568,    3.92478433,    9.39500000,    9.39500000,    3.92478433,         4,       100,         0,         10000,     12339,    0.00000000
10000,       200,        0.1048,    4.51026148,    5.00000000,    5.00000000,    4.51026148,         4,       100,         0,         10000,     21824,    0.00000000
10000,       200,        0.0793,    4.21810208,    9.16500000,    9.16500000,    4.21810208,         4,       100,         0,         10000,     16852,    0.00000000
10000,       200,        0.0570,    3.92904882,    9.22500000,    9.22500000,    3.92904882,         4,       100,         0,         10000,     12392,    0.00000000
10000,       200,        0.1333,    4.90248340,    5.00000000,    5.00000000,    4.90248340,         4,       100,         0,         10000,     27762,    0.00000000
10000,       200,        0.0573,    3.93266849,    9.29000000,    9.29000000,    3.93266849,         4,       100,         0,         10000,     12444,    0.00000000
10000,       200,        0.0795,    4.22126342,    9.21000000,    9.21000000,    4.22126342,         4,       100,         0,         10000,     16902,    0.00000000
10000,       200,        0.1050,    4.51379388,    5.00000000,    5.00000000,    4.51379388,         4,       100,         0,         10000,     21876,    0.00000000
10000,       200,        0.0575,    3.93555340,    9.28000000,    9.28000000,    3.93555340,         4,       100,         0,         10000,     12493,    0.00000000
10000,       200,        0.1335,    4.90564222,    5.00000000,    5.00000000,    4.90564222,         4,       100,         0,         10000,     27813,    0.00000000
10000,       200,        0.0798,    4.22394660,    9.21000000,    9.21000000,    4.22394660,         4,       100,         0,         10000,     16950,    0.00000000
10000,       200,        0.1053,    4.51752995,    5.00000000,    5.00000000,    4.51752995,         4,       100,         0,         10000,     21929,    0.00000000
10000,       200,        0.0578,    3.93991964,    9.38500000,    9.38500000,    3.93991964,         4,       100,         0,         10000,     12546,    0.00000000
10000,       200,        0.0800,    4.22684600,    9.19000000,    9.19000000,    4.22684600,         4,       100,         0,         10000,     16999,    0.00000000
10000,       200,        0.1338,    4.90915260,    5.00000000,    5.00000000,    4.90915260,         4,       100,         0,         10000,     27866,    0.00000000
10000,       200,        0.0580,    3.94345550,    9.40500000,    9.40500000,    3.94345550,         4,       100,         0,         10000,     12597,    0.00000000
10000,       200,        0.1055,    4.52126307,    5.00000000,    5.00000000,    4.52126307,         4,       100,         0,         10000,     21982,    0.00000000
10000,       200,        0.0803,    4.23046010,    9.21000000,    9.21000000,    4.23046010,         4,       100,         0,         10000,     17051,    0.00000000
10000,       200,        0.0583,    3.94690524,    9.48000000,    9.48000000,    3.94690524,         4,       100,         0,         10000,     12648,    0.00000000
10000,       200,        0.1340,    4.91230947,    5.00000000,    5.00000000,    4.91230947,         4,       100,         0,         10000,     27917,    0.00000000
10000,       200,        0.1058,    4.52458252,    5.00000000,    5.00000000,    4.52458252,         4,       100,         0,         10000,     22033,    0.00000000
10000,       200,        0.0585,    3.95074557,    9.37500000,    9.37500000,    3.95074557,         4,       100,         0,         10000,     12700,    0.00000000
10000,       200,        0.0805,    4.23300055,    9.12000000,    9.12000000,    4.23300055,         4,       100,         0,         10000,     17098,    0.00000000
10000,       200,        0.0588,    3.95437897,    9.44000000,    9.44000000,    3.95437897,         4,       100,         0,         10000,     12751,    0.00000000
10000,       200,        0.1343,    4.91581708,    5.00000000,    5.00000000,    4.91581708,         4,       100,         0,         10000,     27970,    0.00000000
10000,       200,        0.1060,    4.52851543,    5.00000000,    5.00000000,    4.52851543,         4,       100,         0,         10000,     22087,    0.00000000
10000,       200,        0.0808,    4.23545007,    9.19500000,    9.19500000,    4.23545007,         4,       100,         0,         10000,     17145,    0.00000000
10000,       200,        0.0590,    3.95788771,    9.45500000,    9.45500000,    3.95788771,         4,       100,         0,         10000,     12802,    0.00000000
10000,       200,        0.0810,    4.23820118,    9.13500000,    9.13500000,    4.23820118,         4,       100,         0,         10000,     17194,    0.00000000
10000,       200,        0.1063,    4.53162594,    5.00000000,    5.00000000,    4.53162594,         4,       100,         0,         10000,     22137,    0.00000000
10000,       200,        0.0593,    3.96169670,    9.35500000,    9.35500000,    3.96169670,         4,       100,         0,         10000,     12854,    0.00000000
10000,       200,        0.1345,    4.91914756,    5.00000000,    5.00000000,    4.91914756,         4,       100,         0,         10000,     28022,    0.00000000
10000,       200,        0.0813,    4.24115597,    9.09000000,    9.09000000,    4.24115597,         4,       100,         0,         10000,     17243,    0.00000000
10000,       200,        0.0595,    3.96508109,    9.43000000,    9.43000000,    3.96508109,         4,       100,         0,         10000,     12904,    0.00000000
10000,       200,        0.1065,    4.53514426,    5.00000000,    5.00000000,    4.53514426,         4,       100,         0,         10000,     22189,    0.00000000
10000,       200,        0.1348,    4.92265221,    5.00000000,    5.00000000,    4.92265221,         4,       100,         0,         10000,     28075,    0.00000000
10000,       200,        0.0598,    3.96858387,    9.46500000,    9.46500000,    3.96858387,         4,       100,         0,         10000,     12955,    0.00000000
10000,       200,        0.0815,    4.24452420,    9.19500000,    9.19500000,    4.24452420,         4,       100,         0,         10000,     17294,    0.00000000
10000,       200,        0.1068,    4.53866032,    5.00000000,    5.00000000,    4.53866032,         4,       100,         0,         10000,     22241,    0.00000000
10000,       200,        0.0600,    3.97221158,    9.38500000,    9.38500000,    3.97221158,         4,       100,         0,         10000,     13006,    0.00000000
10000,       200,        0.1350,    4.92562991,    5.00000000,    5.00000000,    4.92562991,         4,       100,         0,         10000,     28125,    0.00000000
10000,       200,        0.0818,    4.24645415,    9.22500000,    9.22500000,    4.24645415,         4,       100,         0,         10000,     17338,    0.00000000
10000,       200,        0.1070,    4.54197041,    5.00000000,    5.00000000,    4.54197041,         4,       100,         0,         10000,     22292,    0.00000000
10000,       200,        0.0820,    4.25005017,    9.14500000,    9.14500000,    4.25005017,         4,       100,         0,         10000,     17390,    0.00000000
10000,       200,        0.1353,    4.92930698,    5.00000000,    5.00000000,    4.92930698,         4,       100,         0,         10000,     28179,    0.00000000
10000,       200,        0.1073,    4.54568577,    5.00000000,    5.00000000,    4.54568577,         4,       100,         0,         10000,     22345,    0.00000000
10000,       200,        0.0823,    4.25317510,    9.12000000,    9.12000000,    4.25317510,         4,       100,         0,         10000,     17440,    0.00000000
10000,       200,        0.1355,    4.93245793,    5.00000000,    5.00000000,    4.93245793,         4,       100,         0,         10000,     28230,    0.00000000
10000,       200,        0.0825,    4.25561899,    9.21000000,    9.21000000,    4.25561899,         4,       100,         0,         10000,     17487,    0.00000000
10000,       200,        0.1075,    4.54919518,    5.00000000,    5.00000000,    4.54919518,         4,       100,         0,         10000,     22397,    0.00000000
10000,       200,        0.0828,    4.25823850,    9.18500000,    9.18500000,    4.25823850,         4,       100,         0,         10000,     17535,    0.00000000
10000,       200,        0.1358,    4.93578268,    5.00000000,    5.00000000,    4.93578268,         4,       100,         0,         10000,     28282,    0.00000000
10000,       200,        0.1078,    4.55270239,    5.00000000,    5.00000000,    4.55270239,         4,       100,         0,         10000,     22449,    0.00000000
10000,       200,        0.0830,    4.26087865,    9.12000000,    9.12000000,    4.26087865,         4,       100,         0,         10000,     17583,    0.00000000
10000,       200,        0.1360,    4.93962925,    5.00000000,    5.00000000,    4.93962925,         4,       100,         0,         10000,     28337,    0.00000000
10000,       200,        0.1080,    4.55661240,    5.00000000,    5.00000000,    4.55661240,         4,       100,         0,         10000,     22503,    0.00000000
10000,       200,        0.0833,    4.26411119,    9.14500000,    9.14500000,    4.26411119,         4,       100,         0,         10000,     17633,    0.00000000
10000,       200,        0.1083,    4.55991245,    5.00000000,    5.00000000,    4.55991245,         4,       100,         0,         10000,     22554,    0.00000000
10000,       200,        0.1363,    4.94260291,    5.00000000,    5.00000000,    4.94260291,         4,       100,         0,         10000,     28387,    0.00000000
10000,       200,        0.0835,    4.26627939,    9.13500000,    9.13500000,    4.26627939,         4,       100,         0,         10000,     17679,    0.00000000
10000,       200,        0.1085,    4.56361471,    5.00000000,    5.00000000,    4.56361471,         4,       100,         0,         10000,     22607,    0.00000000
10000,       200,        0.0838,    4.26903706,    9.07500000,    9.07500000,    4.26903706,         4,       100,         0,         10000,     17727,    0.00000000
10000,       200,        0.1365,    4.94627192,    5.00000000,    5.00000000,    4.94627192,         4,       100,         0,         10000,     28441,    0.00000000
10000,       200,        0.0840,    4.27280347,    9.13000000,    9.13000000,    4.27280347,         4,       100,         0,         10000,     17779,    0.00000000
10000,       200,        0.1088,    4.56670953,    5.00000000,    5.00000000,    4.56670953,         4,       100,         0,         10000,     22657,    0.00000000
10000,       200,        0.1368,    4.94924417,    5.00000000,    5.00000000,    4.94924417,         4,       100,         0,         10000,     28491,    0.00000000
10000,       200,        0.0843,    4.27491637,    9.13000000,    9.13000000,    4.27491637,         4,       100,         0,         10000,     17825,    0.00000000
10000,       200,        0.1090,    4.57020595,    5.00000000,    5.00000000,    4.57020595,         4,       100,         0,         10000,     22709,    0.00000000
10000,       200,        0.1370,    4.95238964,    5.00000000,    5.00000000,    4.95238964,         4,       100,         0,         10000,     28542,    0.00000000
10000,       200,        0.0845,    4.27789050,    9.10500000,    9.10500000,    4.27789050,         4,       100,         0,         10000,     17874,    0.00000000
10000,       200,        0.1093,    4.57390119,    5.00000000,    5.00000000,    4.57390119,         4,       100,         0,         10000,     22762,    0.00000000
10000,       200,        0.0848,    4.28115809,    9.09000000,    9.09000000,    4.28115809,         4,       100,         0,         10000,     17925,    0.00000000
10000,       200,        0.1373,    4.95605436,    5.00000000,    5.00000000,    4.95605436,         4,       100,         0,         10000,     28596,    0.00000000
10000,       200,        0.1095,    4.57719243,    5.00000000,    5.00000000,    4.57719243,         4,       100,         0,         10000,     22813,    0.00000000
10000,       200,        0.0850,    4.28421682,    9.13500000,    9.13500000,    4.28421682,         4,       100,         0,         10000,     17974,    0.00000000
10000,       200,        0.1375,    4.95919786,    5.00000000,    5.00000000,    4.95919786,         4,       100,         0,         10000,     28647,    0.00000000
10000,       200,        0.0853,    4.28670879,    9.12000000,    9.12000000,    4.28670879,         4,       100,         0,         10000,     18021,    0.00000000
10000,       200,        0.1098,    4.58088286,    5.00000000,    5.00000000,    4.58088286,         4,       100,         0,         10000,     22866,    0.00000000
10000,       200,        0.1378,    4.96251359,    5.00000000,    5.00000000,    4.96251359,         4,       100,         0,         10000,     28699,    0.00000000
10000,       200,        0.0855,    4.28915135,    9.04500000,    9.04500000,    4.28915135,         4,       100,         0,         10000,     18068,    0.00000000
10000,       200,        0.1100,    4.58417052,    5.00000000,    5.00000000,    4.58417052,         4,       100,         0,         10000,     22917,    0.00000000
10000,       200,        0.0858,    4.29234553,    9.06000000,    9.06000000,    4.29234553,         4,       100,         0,         10000,     18118,    0.00000000
10000,       200,        0.1380,    4.96565553,    5.00000000,    5.00000000,    4.96565553,         4,       100,         0,         10000,     28750,    0.00000000
10000,       200,        0.1103,    4.58785619,    5.00000000,    5.00000000,    4.58785619,         4,       100,         0,         10000,     22970,    0.00000000
10000,       200,        0.0860,    4.29453606,    9.12000000,    9.12000000,    4.29453606,         4,       100,         0,         10000,     18164,    0.00000000
10000,       200,        0.1105,    4.59173862,    5.00000000,    5.00000000,    4.59173862,         4,       100,         0,         10000,     23024,    0.00000000
10000,       200,        0.1383,    4.96931437,    5.00000000,    5.00000000,    4.96931437,         4,       100,         0,         10000,     28804,    0.00000000
10000,       200,        0.0863,    4.29771919,    9.05000000,    9.05000000,    4.29771919,         4,       100,         0,         10000,     18214,    0.00000000
10000,       200,        0.1108,    4.59502041,    5.00000000,    5.00000000,    4.59502041,         4,       100,         0,         10000,     23075,    0.00000000
10000,       200,        0.1385,    4.97279905,    5.00000000,    5.00000000,    4.97279905,         4,       100,         0,         10000,     28857,    0.00000000
10000,       200,        0.0865,    4.30025595,    9.03000000,    9.03000000,    4.30025595,         4,       100,         0,         10000,     18262,    0.00000000
10000,       200,        0.1110,    4.59869843,    5.00000000,    5.00000000,    4.59869843,         4,       100,         0,         10000,     23128,    0.00000000
10000,       200,        0.0868,    4.30279763,    9.04500000,    9.04500000,    4.30279763,         4,       100,         0,         10000,     18309,    0.00000000
10000,       200,        0.1388,    4.97576589,    5.00000000,    5.00000000,    4.97576589,         4,       100,         0,         10000,     28907,    0.00000000
10000,       200,        0.0870,    4.30586368,    9.03500000,    9.03500000,    4.30586368,         4,       100,         0,         10000,     18359,    0.00000000
10000,       200,        0.1113,    4.60197675,    5.00000000,    5.00000000,    4.60197675,         4,       100,         0,         10000,     23179,    0.00000000
10000,       200,        0.1390,    4.97907634,    5.00000000,    5.00000000,    4.97907634,         4,       100,         0,         10000,     28959,    0.00000000
10000,       200,        0.0873,    4.30860131,    9.10500000,    9.10500000,    4.30860131,         4,       100,         0,         10000,     18407,    0.00000000
10000,       200,        0.1115,    4.60565015,    5.00000000,    5.00000000,    4.60565015,         4,       100,         0,         10000,     23232,    0.00000000
10000,       200,        0.0875,    4.31133833,    9.07000000,    9.07000000,    4.31133833,         4,       100,         0,         10000,     18455,    0.00000000
10000,       200,        0.1393,    4.98255749,    5.00000000,    5.00000000,    4.98255749,         4,       100,         0,         10000,     29012,    0.00000000
10000,       200,        0.1118,    4.60892505,    5.00000000,    5.00000000,    4.60892505,         4,       100,         0,         10000,     23283,    0.00000000
10000,       200,        0.0878,    4.31408291,    9.04500000,    9.04500000,    4.31408291,         4,       100,         0,         10000,     18503,    0.00000000
10000,       200,        0.1395,    4.98569414,    5.00000000,    5.00000000,    4.98569414,         4,       100,         0,         10000,     29063,    0.00000000
10000,       200,        0.1120,    4.61219854,    5.00000000,    5.00000000,    4.61219854,         4,       100,         0,         10000,     23334,    0.00000000
10000,       200,        0.0880,    4.31693155,    9.01500000,    9.01500000,    4.31693155,         4,       100,         0,         10000,     18552,    0.00000000
10000,       200,        0.1398,    4.98917285,    5.00000000,    5.00000000,    4.98917285,         4,       100,         0,         10000,     29116,    0.00000000
10000,       200,        0.1123,    4.61586538,    5.00000000,    5.00000000,    4.61586538,         4,       100,         0,         10000,     23387,    0.00000000
10000,       200,        0.0883,    4.31980120,    9.07000000,    9.07000000,    4.31980120,         4,       100,         0,         10000,     18601,    0.00000000
10000,       200,        0.0885,    4.32227684,    9.03500000,    9.03500000,    4.32227684,         4,       100,         0,         10000,     18648,    0.00000000
10000,       200,        0.1400,    4.99230784,    5.00000000,    5.00000000,    4.99230784,         4,       100,         0,         10000,     29167,    0.00000000
10000,       200,        0.1125,    4.61913551,    5.00000000,    5.00000000,    4.61913551,         4,       100,         0,         10000,     23438,    0.00000000
10000,       200,        0.0888,    4.32491249,    9.03500000,    9.03500000,    4.32491249,         4,       100,         0,         10000,     18695,    0.00000000
10000,       200,        0.1128,    4.62279784,    5.00000000,    5.00000000,    4.62279784,         4,       100,         0,         10000,     23491,    0.00000000
10000,       200,        0.1403,    4.99578415,    5.00000000,    5.00000000,    4.99578415,         4,       100,         0,         10000,     29220,    0.00000000
10000,       200,        0.0890,    4.32793346,    9.07500000,    9.07500000,    4.32793346,         4,       100,         0,         10000,     18745,    0.00000000
10000,       200,        0.1130,    4.62606465,    5.00000000,    5.00000000,    4.62606465,         4,       100,         0,         10000,     23542,    0.00000000
10000,       200,        0.1405,    4.99942985,    5.00000000,    5.00000000,    4.99942985,         4,       100,         0,         10000,     29274,    0.00000000
10000,       200,        0.0893,    4.33039964,    9.09000000,    9.09000000,    4.33039964,         4,       100,         0,         10000,     18792,    0.00000000
10000,       200,        0.1133,    4.62991874,    5.00000000,    5.00000000,    4.62991874,         4,       100,         0,         10000,     23596,    0.00000000
10000,       200,        0.0895,    4.33303297,    9.06000000,    9.06000000,    4.33303297,         4,       100,         0,         10000,     18839,    0.00000000
10000,       200,        0.1408,    5.00239143,    5.00000000,    5.00000000,    5.00239143,         4,       100,         0,         10000,     29324,    0.00000000
10000,       200,        0.1135,    4.63318197,    5.00000000,    5.00000000,    4.63318197,         4,       100,         0,         10000,     23647,    0.00000000
10000,       200,        0.0898,    4.33567062,    8.99000000,    8.99000000,    4.33567062,         4,       100,         0,         10000,     18887,    0.00000000
10000,       200,        0.1410,    5.00603439,    5.00000000,    5.00000000,    5.00603439,         4,       100,         0,         10000,     29378,    0.00000000
10000,       200,        0.1138,    4.63683516,    5.00000000,    5.00000000,    4.63683516,         4,       100,         0,         10000,     23700,    0.00000000
10000,       200,        0.0900,    4.33845578,    8.96000000,    8.96000000,    4.33845578,         4,       100,         0,         10000,     18936,    0.00000000
10000,       200,        0.1413,    5.00916497,    5.00000000,    5.00000000,    5.00916497,         4,       100,         0,         10000,     29429,    0.00000000
10000,       200,        0.1140,    4.64009515,    5.00000000,    5.00000000,    4.64009515,         4,       100,         0,         10000,     23751,    0.00000000
10000,       200,        0.1415,    5.01263499,    5.00000000,    5.00000000,    5.01263499,         4,       100,         0,         10000,     29482,    0.00000000
10000,       200,        0.1143,    4.64393906,    5.00000000,    5.00000000,    4.64393906,         4,       100,         0,         10000,     23805,    0.00000000
10000,       200,        0.1418,    5.01559417,    5.00000000,    5.00000000,    5.01559417,         4,       100,         0,         10000,     29532,    0.00000000
10000,       200,        0.1145,    4.64739036,    5.00000000,    5.00000000,    4.64739036,         4,       100,         0,         10000,     23857,    0.00000000
10000,       200,        0.1420,    5.01940138,    5.00000000,    5.00000000,    5.01940138,         4,       100,         0,         10000,     29587,    0.00000000
10000,       200,        0.1148,    4.65064528,    5.00000000,    5.00000000,    4.65064528,         4,       100,         0,         10000,     23908,    0.00000000
10000,       200,        0.1150,    4.65448163,    5.00000000,    5.00000000,    4.65448163,         4,       100,         0,         10000,     23962,    0.00000000
10000,       200,        0.1423,    5.02252865,    5.00000000,    5.00000000,    5.02252865,         4,       100,         0,         10000,     29638,    0.00000000
10000,       200,        0.1153,    4.65773312,    5.00000000,    5.00000000,    4.65773312,         4,       100,         0,         10000,     24013,    0.00000000
10000,       200,        0.1425,    5.02548608,    5.00000000,    5.00000000,    5.02548608,         4,       100,         0,         10000,     29688,    0.00000000
10000,       200,        0.1155,    4.66137072,    5.00000000,    5.00000000,    4.66137072,         4,       100,         0,         10000,     24066,    0.00000000
10000,       200,        0.1428,    5.02895057,    5.00000000,    5.00000000,    5.02895057,         4,       100,         0,         10000,     29741,    0.00000000
10000,       200,        0.1158,    4.66461910,    5.00000000,    5.00000000,    4.66461910,         4,       100,         0,         10000,     24117,    0.00000000
10000,       200,        0.1430,    5.03207595,    5.00000000,    5.00000000,    5.03207595,         4,       100,         0,         10000,     29792,    0.00000000
10000,       200,        0.1160,    4.66767308,    5.00000000,    5.00000000,    4.66767308,         4,       100,         0,         10000,     24167,    0.00000000
10000,       200,        0.1433,    5.03553820,    5.00000000,    5.00000000,    5.03553820,         4,       100,         0,         10000,     29845,    0.00000000
10000,       200,        0.1163,    4.67169070,    5.00000000,    5.00000000,    4.67169070,         4,       100,         0,         10000,     24222,    0.00000000
10000,       200,        0.1435,    5.03916770,    5.00000000,    5.00000000,    5.03916770,         4,       100,         0,         10000,     29899,    0.00000000
10000,       200,        0.1165,    4.67512710,    5.00000000,    5.00000000,    4.67512710,         4,       100,         0,         10000,     24274,    0.00000000
10000,       200,        0.1438,    5.04212213,    5.00000000,    5.00000000,    5.04212213,         4,       100,         0,         10000,     29949,    0.00000000
10000,       200,        0.1168,    4.67836938,    5.00000000,    5.00000000,    4.67836938,         4,       100,         0,         10000,     24325,    0.00000000
10000,       200,        0.1440,    5.04541272,    5.00000000,    5.00000000,    5.04541272,         4,       100,         0,         10000,     30001,    0.00000000
10000,       200,        0.1170,    4.68218661,    5.00000000,    5.00000000,    4.68218661,         4,       100,         0,         10000,     24379,    0.00000000
10000,       200,        0.1443,    5.04903838,    5.00000000,    5.00000000,    5.04903838,         4,       100,         0,         10000,     30055,    0.00000000
10000,       200,        0.1173,    4.68542563,    5.00000000,    5.00000000,    4.68542563,         4,       100,         0,         10000,     24430,    0.00000000
10000,       200,        0.1445,    5.05232680,    5.00000000,    5.00000000,    5.05232680,         4,       100,         0,         10000,     30107,    0.00000000
10000,       200,        0.1175,    4.68885496,    5.00000000,    5.00000000,    4.68885496,         4,       100,         0,         10000,     24482,    0.00000000
10000,       200,        0.1178,    4.69209129,    5.00000000,    5.00000000,    4.69209129,         4,       100,         0,         10000,     24533,    0.00000000
10000,       200,        0.1448,    5.05527906,    5.00000000,    5.00000000,    5.05527906,         4,       100,         0,         10000,     30157,    0.00000000
10000,       200,        0.1180,    4.69589939,    5.00000000,    5.00000000,    4.69589939,         4,       100,         0,         10000,     24587,    0.00000000
10000,       200,        0.1450,    5.05906841,    5.00000000,    5.00000000,    5.05906841,         4,       100,         0,         10000,     30212,    0.00000000
10000,       200,        0.1183,    4.69913254,    5.00000000,    5.00000000,    4.69913254,         4,       100,         0,         10000,     24638,    0.00000000
10000,       200,        0.1453,    5.06201944,    5.00000000,    5.00000000,    5.06201944,         4,       100,         0,         10000,     30262,    0.00000000
10000,       200,        0.1185,    4.70274542,    5.00000000,    5.00000000,    4.70274542,         4,       100,         0,         10000,     24691,    0.00000000
10000,       200,        0.1455,    5.06530450,    5.00000000,    5.00000000,    5.06530450,         4,       100,         0,         10000,     30314,    0.00000000
10000,       200,        0.1188,    4.70597568,    5.00000000,    5.00000000,    4.70597568,         4,       100,         0,         10000,     24742,    0.00000000
10000,       200,        0.1458,    5.06858869,    5.00000000,    5.00000000,    5.06858869,         4,       100,         0,         10000,     30366,    0.00000000
10000,       200,        0.1190,    4.70958465,    5.00000000,    5.00000000,    4.70958465,         4,       100,         0,         10000,     24795,    0.00000000
10000,       200,        0.1460,    5.07170527,    5.00000000,    5.00000000,    5.07170527,         4,       100,         0,         10000,     30417,    0.00000000
10000,       200,        0.1193,    4.71300173,    5.00000000,    5.00000000,    4.71300173,         4,       100,         0,         10000,     24847,    0.00000000
10000,       200,        0.1463,    5.07532103,    5.00000000,    5.00000000,    5.07532103,         4,       100,         0,         10000,     30471,    0.00000000
10000,       200,        0.1195,    4.71641715,    5.00000000,    5.00000000,    4.71641715,         4,       100,         0,         10000,     24899,    0.00000000
10000,       200,        0.1465,    5.07876885,    5.00000000,    5.00000000,    5.07876885,         4,       100,         0,         10000,     30524,    0.00000000
10000,       200,        0.1198,    4.71964173,    5.00000000,    5.00000000,    4.71964173,         4,       100,         0,         10000,     24950,    0.00000000
10000,       200,        0.1468,    5.08171684,    5.00000000,    5.00000000,    5.08171684,         4,       100,         0,         10000,     30574,    0.00000000
10000,       200,        0.1200,    4.72324300,    5.00000000,    5.00000000,    4.72324300,         4,       100,         0,         10000,     25003,    0.00000000
10000,       200,        0.1470,    5.08483073,    5.00000000,    5.00000000,    5.08483073,         4,       100,         0,         10000,     30625,    0.00000000
10000,       200,        0.1473,    5.08844171,    5.00000000,    5.00000000,    5.08844171,         4,       100,         0,         10000,     30679,    0.00000000
10000,       200,        0.1475,    5.09155411,    5.00000000,    5.00000000,    5.09155411,         4,       100,         0,         10000,     30730,    0.00000000
10000,       200,        0.1478,    5.09483154,    5.00000000,    5.00000000,    5.09483154,         4,       100,         0,         10000,     30782,    0.00000000
10000,       200,        0.1480,    5.09810816,    5.00000000,    5.00000000,    5.09810816,         4,       100,         0,         10000,     30834,    0.00000000
10000,       200,        0.1483,    5.10171430,    5.00000000,    5.00000000,    5.10171430,         4,       100,         0,         10000,     30888,    0.00000000
10000,       200,        0.1485,    5.10515395,    5.00000000,    5.00000000,    5.10515395,         4,       100,         0,         10000,     30941,    0.00000000
10000,       200,        0.1488,    5.10826281,    5.00000000,    5.00000000,    5.10826281,         4,       100,         0,         10000,     30992,    0.00000000
10000,       200,        0.1490,    5.11170052,    5.00000000,    5.00000000,    5.11170052,         4,       100,         0,         10000,     31045,    0.00000000
10000,       200,        0.1493,    5.11480814,    5.00000000,    5.00000000,    5.11480814,         4,       100,         0,         10000,     31096,    0.00000000
10000,       200,        0.1495,    5.11824395,    5.00000000,    5.00000000,    5.11824395,         4,       100,         0,         10000,     31149,    0.00000000
10000,       200,        0.1498,    5.12135035,    5.00000000,    5.00000000,    5.12135035,         4,       100,         0,         10000,     31200,    0.00000000
10000,       200,        0.1500,    5.12429234,    5.00000000,    5.00000000,    5.12429234,         4,       100,         0,         10000,     31250,    0.00000000
