code_n, n_tries,          qber,        f_mean,  c_iters_mean,  n_iters_mean,             R,  pass/s_n,  kost/p_n,   p_n_max,   correct/k_n,   discl_n,           FER 
10000,       200,        0.0001,    1.33643735,    8.30319149,    8.30319149,    0.00000000,         1,       100,         0,         10000,        19,    0.06000000
10000,       200,        0.0002,    1.31504042,    9.61170213,    9.61170213,    0.00000000,         1,       100,         0,         10000,        36,    0.06000000
10000,       200,        0.0003,    1.30135940,   10.05714286,   10.05714286,    0.00000000,         1,       100,         0,         10000,        51,    0.12500000
10000,       200,        0.0004,    1.33505198,    9.82716049,    9.82716049,    0.00000000,         1,       100,         0,         10000,        67,    0.19000000
10000,       200,        0.0005,    1.36996537,    9.96732026,    9.96732026,    0.00000000,         1,       100,         0,         10000,        84,    0.23500000
10000,       200,        0.0006,    1.39095477,    9.89743590,    9.89743590,    0.00000000,         1,       100,         0,         10000,       101,    0.22000000
10000,       200,        0.0007,    1.38694861,    9.79310345,    9.79310345,    0.00000000,         1,       100,         0,         10000,       115,    0.27500000
10000,       200,        0.1201,    2.26735388,    2.00000000,    2.00000000,    0.00000000,         1,       100,         0,         10000,     12009,    0.00000000
10000,       200,        0.0008,    1.39910461,    9.00000000,    9.00000000,    0.00000000,         1,       100,         0,         10000,       131,    0.34500000
10000,       200,        0.0009,    1.40714207,    9.00000000,    9.00000000,    0.00000000,         1,       100,         0,         10000,       146,    0.34500000
10000,       200,        0.0010,    1.42037604,    9.00000000,    9.00000000,    0.00000000,         1,       100,         0,         10000,       162,    0.39500000
10000,       200,        0.0011,    1.42022956,    8.99236641,    8.99236641,    0.00000000,         1,       100,         0,         10000,       176,    0.34500000
10000,       200,        0.0012,    1.45349149,    9.00000000,    9.00000000,    0.00000000,         1,       100,         0,         10000,       194,    0.42500000
10000,       200,        0.0013,    1.43268937,    8.96610169,    8.96610169,    0.00000000,         1,       100,         0,         10000,       205,    0.41000000
10000,       200,        0.0014,    1.45687380,    8.92592593,    8.92592593,    0.00000000,         1,       100,         0,         10000,       222,    0.46000000
10000,       200,        0.0015,    1.44245713,    8.78846154,    8.78846154,    0.00000000,         1,       100,         0,         10000,       234,    0.48000000
10000,       200,        0.1202,    2.26801192,    2.00000000,    2.00000000,    0.00000000,         1,       100,         0,         10000,     12019,    0.00000000
10000,       200,        0.0016,    1.45353971,    8.00000000,    8.00000000,    0.00000000,         1,       100,         0,         10000,       249,    0.52500000
10000,       200,        0.0017,    1.45892710,    8.00000000,    8.00000000,    0.00000000,         1,       100,         0,         10000,       263,    0.55000000
10000,       200,        0.0018,    1.44845523,    8.00000000,    8.00000000,    0.00000000,         1,       100,         0,         10000,       275,    0.53500000
10000,       200,        0.0019,    1.46102148,    8.00000000,    8.00000000,    0.00000000,         1,       100,         0,         10000,       290,    0.60500000
10000,       200,        0.0020,    1.46141786,    8.00000000,    8.00000000,    0.00000000,         1,       100,         0,         10000,       304,    0.64000000
10000,       200,        0.0021,    1.48000819,    8.00000000,    8.00000000,    0.00000000,         1,       100,         0,         10000,       321,    0.60000000
10000,       200,        0.0022,    1.47228485,    8.00000000,    8.00000000,    0.00000000,         1,       100,         0,         10000,       332,    0.61000000
10000,       200,        0.0023,    1.46305803,    8.00000000,    8.00000000,    0.00000000,         1,       100,         0,         10000,       343,    0.62000000
10000,       200,        0.0024,    1.48104401,    8.00000000,    8.00000000,    0.00000000,         1,       100,         0,         10000,       360,    0.66000000
10000,       200,        0.0025,    1.49325292,    8.00000000,    8.00000000,    0.00000000,         1,       100,         0,         10000,       376,    0.67500000
10000,       200,        0.1203,    2.26866984,    2.00000000,    2.00000000,    0.00000000,         1,       100,         0,         10000,     12029,    0.00000000
10000,       200,        0.0026,    1.45807317,    8.00000000,    8.00000000,    0.00000000,         1,       100,         0,         10000,       380,    0.69500000
10000,       200,        0.0027,    1.48133278,    8.00000000,    8.00000000,    0.00000000,         1,       100,         0,         10000,       398,    0.64000000
10000,       200,        0.0028,    1.48108375,    8.00000000,    8.00000000,    0.00000000,         1,       100,         0,         10000,       411,    0.68500000
10000,       200,        0.0029,    1.45856806,    7.97916667,    7.97916667,    0.00000000,         1,       100,         0,         10000,       417,    0.76000000
10000,       200,        0.0030,    1.48322389,    7.94642857,    7.94642857,    0.00000000,         1,       100,         0,         10000,       437,    0.72000000
10000,       200,        0.0031,    1.50162720,    7.41379310,    7.41379310,    0.00000000,         1,       100,         0,         10000,       454,    0.71000000
10000,       200,        0.0032,    1.49181289,    7.00000000,    7.00000000,    0.00000000,         1,       100,         0,         10000,       464,    0.85000000
10000,       200,        0.0033,    1.48922976,    7.00000000,    7.00000000,    0.00000000,         1,       100,         0,         10000,       475,    0.75500000
10000,       200,        0.0034,    1.50924624,    7.00000000,    7.00000000,    0.00000000,         1,       100,         0,         10000,       494,    0.77000000
10000,       200,        0.0035,    1.49868297,    7.00000000,    7.00000000,    0.00000000,         1,       100,         0,         10000,       503,    0.84500000
10000,       200,        0.1204,    2.26932762,    2.00000000,    2.00000000,    0.00000000,         1,       100,         0,         10000,     12039,    0.00000000
10000,       200,        0.0036,    1.50214478,    7.00000000,    7.00000000,    0.00000000,         1,       100,         0,         10000,       516,    0.78000000
10000,       200,        0.0037,    1.48650389,    7.00000000,    7.00000000,    0.00000000,         1,       100,         0,         10000,       523,    0.78500000
10000,       200,        0.0038,    1.49575244,    7.00000000,    7.00000000,    0.00000000,         1,       100,         0,         10000,       538,    0.86500000
10000,       200,        0.0039,    1.52225714,    7.00000000,    7.00000000,    0.00000000,         1,       100,         0,         10000,       560,    0.80500000
10000,       200,        0.0040,    1.52951907,    7.00000000,    7.00000000,    0.00000000,         1,       100,         0,         10000,       575,    0.83000000
10000,       200,        0.0041,    1.51147597,    7.00000000,    7.00000000,    0.00000000,         1,       100,         0,         10000,       580,    0.82500000
10000,       200,        0.0042,    1.52467074,    7.00000000,    7.00000000,    0.00000000,         1,       100,         0,         10000,       597,    0.84000000
10000,       200,        0.0043,    1.52779237,    7.00000000,    7.00000000,    0.00000000,         1,       100,         0,         10000,       611,    0.84500000
10000,       200,        0.0044,    1.51683720,    7.00000000,    7.00000000,    0.00000000,         1,       100,         0,         10000,       618,    0.81500000
10000,       200,        0.0045,    1.56196116,    7.00000000,    7.00000000,    0.00000000,         1,       100,         0,         10000,       649,    0.85000000
10000,       200,        0.1205,    2.27017367,    2.00000000,    2.00000000,    0.00000000,         1,       100,         0,         10000,     12050,    0.00000000
10000,       200,        0.0046,    1.53602890,    7.00000000,    7.00000000,    0.00000000,         1,       100,         0,         10000,       650,    0.86500000
10000,       200,        0.0047,    1.54666372,    7.00000000,    7.00000000,    0.00000000,         1,       100,         0,         10000,       666,    0.89000000
10000,       200,        0.0048,    1.54380459,    7.00000000,    7.00000000,    0.00000000,         1,       100,         0,         10000,       677,    0.86500000
10000,       200,        0.0049,    1.53504569,    7.00000000,    7.00000000,    0.00000000,         1,       100,         0,         10000,       685,    0.88500000
10000,       200,        0.0050,    1.56474692,    7.00000000,    7.00000000,    0.00000000,         1,       100,         0,         10000,       710,    0.92000000
10000,       200,        0.0051,    1.54484908,    7.00000000,    7.00000000,    0.00000000,         1,       100,         0,         10000,       713,    0.94500000
10000,       200,        0.0052,    1.53687042,    7.00000000,    7.00000000,    0.00000000,         1,       100,         0,         10000,       721,    0.90000000
10000,       200,        0.0053,    1.52910181,    7.00000000,    7.00000000,    0.00000000,         1,       100,         0,         10000,       729,    0.89000000
10000,       200,        0.0054,    1.55330656,    7.00000000,    7.00000000,    0.00000000,         1,       100,         0,         10000,       752,    0.90500000
10000,       200,        0.0055,    1.54703979,    7.00000000,    7.00000000,    0.00000000,         1,       100,         0,         10000,       761,    0.91000000
10000,       200,        0.0056,    1.57307000,    7.00000000,    7.00000000,    0.00000000,         1,       100,         0,         10000,       785,    0.93500000
10000,       200,        0.1206,    2.27064281,    2.00000000,    2.00000000,    0.00000000,         1,       100,         0,         10000,     12059,    0.00000000
10000,       200,        0.0057,    1.55386765,    7.00000000,    7.00000000,    0.00000000,         1,       100,         0,         10000,       787,    0.93500000
10000,       200,        0.0058,    1.54043283,    7.00000000,    7.00000000,    0.00000000,         1,       100,         0,         10000,       792,    0.92500000
10000,       200,        0.0059,    1.55734687,    7.00000000,    7.00000000,    0.00000000,         1,       100,         0,         10000,       812,    0.93000000
10000,       200,        0.0060,    1.54744796,    7.00000000,    7.00000000,    0.00000000,         1,       100,         0,         10000,       818,    0.94000000
10000,       200,        0.0061,    1.54823105,    6.92857143,    6.92857143,    0.00000000,         1,       100,         0,         10000,       830,    0.93000000
10000,       200,        0.0062,    1.54046529,    6.66666667,    6.66666667,    0.00000000,         1,       100,         0,         10000,       837,    0.95500000
10000,       200,        0.0063,    1.56863929,    6.00000000,    6.00000000,    0.00000000,         1,       100,         0,         10000,       864,    0.93000000
10000,       200,        0.0064,    1.57205963,    6.00000000,    6.00000000,    0.00000000,         1,       100,         0,         10000,       877,    0.94000000
10000,       200,        0.0065,    1.54439779,    6.00000000,    6.00000000,    0.00000000,         1,       100,         0,         10000,       873,    0.93500000
10000,       200,        0.0066,    1.56704493,    6.00000000,    6.00000000,    0.00000000,         1,       100,         0,         10000,       897,    0.93000000
10000,       200,        0.1207,    2.27148840,    2.00000000,    2.00000000,    0.00000000,         1,       100,         0,         10000,     12070,    0.00000000
10000,       200,        0.0067,    1.56698846,    6.00000000,    6.00000000,    0.00000000,         1,       100,         0,         10000,       909,    0.96500000
10000,       200,        0.0068,    1.55115226,    6.00000000,    6.00000000,    0.00000000,         1,       100,         0,         10000,       911,    0.96000000
10000,       200,        0.0069,    1.57860323,    6.00000000,    6.00000000,    0.00000000,         1,       100,         0,         10000,       938,    0.94000000
10000,       200,        0.0070,    1.53807951,    6.00000000,    6.00000000,    0.00000000,         1,       100,         0,         10000,       925,    0.96000000
10000,       200,        0.0071,    1.57105378,    6.00000000,    6.00000000,    0.00000000,         1,       100,         0,         10000,       956,    0.95500000
10000,       200,        0.0072,    1.57046524,    6.00000000,    6.00000000,    0.00000000,         1,       100,         0,         10000,       967,    0.96000000
10000,       200,        0.0073,    1.55036967,    6.00000000,    6.00000000,    0.00000000,         1,       100,         0,         10000,       966,    0.97000000
10000,       200,        0.0074,    1.57957266,    6.00000000,    6.00000000,    0.00000000,         1,       100,         0,         10000,       995,    0.96000000
10000,       200,        0.0075,    1.61406155,    6.00000000,    6.00000000,    0.00000000,         1,       100,         0,         10000,      1028,    0.96000000
10000,       200,        0.1208,    2.27214557,    2.00000000,    2.00000000,    0.00000000,         1,       100,         0,         10000,     12080,    0.00000000
10000,       200,        0.0076,    1.55788200,    6.00000000,    6.00000000,    0.00000000,         1,       100,         0,         10000,      1003,    0.98500000
10000,       200,        0.0077,    1.56682872,    6.00000000,    6.00000000,    0.00000000,         1,       100,         0,         10000,      1020,    0.96500000
10000,       200,        0.0078,    1.62585164,    6.00000000,    6.00000000,    0.00000000,         1,       100,         0,         10000,      1070,    0.98000000
10000,       200,        0.0079,    1.59131397,    6.00000000,    6.00000000,    0.00000000,         1,       100,         0,         10000,      1058,    0.96000000
10000,       200,        0.0080,    1.61654522,    6.00000000,    6.00000000,    0.00000000,         1,       100,         0,         10000,      1086,    0.97000000
10000,       200,        0.0081,    1.60933955,    6.00000000,    6.00000000,    0.00000000,         1,       100,         0,         10000,      1093,    0.98000000
10000,       200,        0.0082,    1.61145561,    6.00000000,    6.00000000,    0.00000000,         1,       100,         0,         10000,      1105,    0.97500000
10000,       200,        0.0083,    1.57287787,    6.00000000,    6.00000000,    0.00000000,         1,       100,         0,         10000,      1090,    0.99000000
10000,       200,        0.0084,    1.61382700,    6.00000000,    6.00000000,    0.00000000,         1,       100,         0,         10000,      1129,    0.98000000
10000,       200,        0.1209,    2.27280261,    2.00000000,    2.00000000,    0.00000000,         1,       100,         0,         10000,     12090,    0.00000000
10000,       200,        0.0085,    1.58908988,    6.00000000,    6.00000000,    0.00000000,         1,       100,         0,         10000,      1123,    0.95500000
10000,       200,        0.0086,    1.62074776,    6.00000000,    6.00000000,    0.00000000,         1,       100,         0,         10000,      1156,    0.97500000
10000,       200,        0.0087,    1.59897447,    6.00000000,    6.00000000,    0.00000000,         1,       100,         0,         10000,      1152,    0.99500000
10000,       200,        0.0088,    1.60253411,    6.00000000,    6.00000000,    0.00000000,         1,       100,         0,         10000,      1165,    0.98000000
10000,       200,        0.0089,    1.62785936,    6.00000000,    6.00000000,    0.00000000,         1,       100,         0,         10000,      1195,    0.98000000
10000,       200,        0.0090,    1.60281537,    6.00000000,    6.00000000,    0.00000000,         1,       100,         0,         10000,      1187,    0.99000000
10000,       200,        0.0091,    1.62258933,    6.00000000,    6.00000000,    0.00000000,         1,       100,         0,         10000,      1213,    0.96500000
10000,       200,        0.0092,    1.64144333,    6.00000000,    6.00000000,    0.00000000,         1,       100,         0,         10000,      1238,    0.98500000
10000,       200,        0.1210,    2.27345953,    2.00000000,    2.00000000,    0.00000000,         1,       100,         0,         10000,     12100,    0.00000000
10000,       200,        0.0093,    1.62580737,    6.00000000,    6.00000000,    0.00000000,         1,       100,         0,         10000,      1237,    0.98000000
10000,       200,        0.0094,    1.63956297,    6.00000000,    6.00000000,    0.00000000,         1,       100,         0,         10000,      1259,    0.98000000
10000,       200,        0.0095,    1.61588916,    6.00000000,    6.00000000,    0.00000000,         1,       100,         0,         10000,      1251,    0.98500000
10000,       200,        0.0096,    1.64470362,    6.00000000,    6.00000000,    0.00000000,         1,       100,         0,         10000,      1285,    0.99000000
10000,       200,        0.0097,    1.61806742,    6.00000000,    6.00000000,    0.00000000,         1,       100,         0,         10000,      1275,    0.98500000
10000,       200,        0.0098,    1.66993164,    6.00000000,    6.00000000,    0.00000000,         1,       100,         0,         10000,      1327,    0.99500000
10000,       200,        0.0099,    1.58493500,    6.00000000,    6.00000000,    0.00000000,         1,       100,         0,         10000,      1270,    0.99500000
10000,       200,        0.0100,    1.64617945,    6.00000000,    6.00000000,    0.00000000,         1,       100,         0,         10000,      1330,    0.97500000
10000,       200,        0.1211,    2.27411632,    2.00000000,    2.00000000,    0.00000000,         1,       100,         0,         10000,     12110,    0.00000000
10000,       200,        0.0101,    1.61806447,    6.00000000,    6.00000000,    0.00000000,         1,       100,         0,         10000,      1318,    0.99500000
10000,       200,        0.0102,    1.61630887,    6.00000000,    6.00000000,    0.00000000,         1,       100,         0,         10000,      1327,    0.98000000
10000,       200,        0.0103,    1.59014540,    6.00000000,    6.00000000,    0.00000000,         1,       100,         0,         10000,      1316,    0.98000000
10000,       200,        0.0104,    1.60607198,    6.00000000,    6.00000000,    0.00000000,         1,       100,         0,         10000,      1340,    0.99500000
10000,       200,        0.0105,    1.64645235,    6.00000000,    6.00000000,    0.00000000,         1,       100,         0,         10000,      1384,    0.99000000
10000,       200,        0.0106,    1.64808105,    6.00000000,    6.00000000,    0.00000000,         1,       100,         0,         10000,      1396,    0.98500000
10000,       200,        0.0107,    1.63614751,    6.00000000,    6.00000000,    0.00000000,         1,       100,         0,         10000,      1397,    0.98000000
10000,       200,        0.1212,    2.27477298,    2.00000000,    2.00000000,    0.00000000,         1,       100,         0,         10000,     12120,    0.00000000
10000,       200,        0.0108,    1.65087814,    6.00000000,    6.00000000,    0.00000000,         1,       100,         0,         10000,      1420,    0.97500000
10000,       200,        0.0109,    1.65970384,    6.00000000,    6.00000000,    0.00000000,         1,       100,         0,         10000,      1439,    0.98500000
10000,       200,        0.0110,    1.63209540,    6.00000000,    6.00000000,    0.00000000,         1,       100,         0,         10000,      1425,    0.98500000
10000,       200,        0.0111,    1.59033552,    6.00000000,    6.00000000,    0.00000000,         1,       100,         0,         10000,      1399,    0.99000000
