code_n, n_tries,          qber,        f_mean,  c_iters_mean,  n_iters_mean,             R,       s_n,       p_n,   p_n_max,           k_n,   discl_n,           FER 
4000,        20,        0.0010,    5.36888244,    4.55000000,   12.85000000,    0.90000000,         0,       359,       192,          3641,        40,    0.00000000
4000,        20,        0.0020,    2.92762520,    3.70000000,   13.75000000,    0.90000000,         0,       324,       192,          3676,        40,    0.00000000
4000,        20,        0.0310,    1.17982016,    3.00000000,   20.45000000,    0.80000000,         0,         4,       373,          3996,        48,    0.00000000
4000,        20,        0.0030,    2.09549283,    3.00000000,   15.15000000,    0.90000000,         0,       291,       192,          3709,        40,    0.00000000
4000,        20,        0.0910,    1.10625367,    2.70000000,   39.60000000,    0.55000000,         0,        73,       817,          3927,        68,    0.00000000
4000,        20,        0.0610,    1.13233295,    2.85000000,   26.90000000,    0.65000000,         0,       112,       630,          3888,        60,    0.00000000
4000,        20,        0.1210,    1.10793642,    3.00000000,   34.60000000,    0.50000000,       242,         0,       864,          3758,        72,    0.00000000
4000,        20,        0.0040,    1.79094769,    2.80000000,   13.55000000,    0.90000000,         0,       260,       192,          3740,        40,    0.00000000
4000,        20,        0.0320,    1.17380132,    2.90000000,   17.50000000,    0.80000000,        84,         0,       373,          3916,        48,    0.00000000
4000,        20,        0.0050,    1.54736570,    2.35000000,   16.35000000,    0.90000000,         0,       229,       192,          3771,        40,    0.00000000
4000,        20,        0.0920,    1.10473330,    2.70000000,   38.95000000,    0.55000000,         0,        50,       817,          3950,        68,    0.00000000
4000,        20,        0.0620,    1.12315047,    2.70000000,   36.30000000,    0.65000000,         0,        89,       630,          3911,        60,    0.00000000
4000,        20,        0.0060,    1.47665527,    2.40000000,   15.05000000,    0.90000000,         0,       199,       192,          3801,        40,    0.00000000
4000,        20,        0.0330,    1.17391327,    2.90000000,   15.25000000,    0.80000000,       176,         0,       373,          3824,        48,    0.00000000
4000,        20,        0.1220,    1.11332274,    3.15000000,   35.60000000,    0.50000000,       262,         0,       864,          3738,        72,    0.00000000
4000,        20,        0.0070,    1.37116801,    2.15000000,    8.05000000,    0.90000000,         0,       170,       192,          3830,        40,    0.00000000
4000,        20,        0.0080,    1.32224171,    2.10000000,   10.65000000,    0.90000000,         0,       141,       192,          3859,        40,    0.00000000
4000,        20,        0.0340,    1.16850957,    2.65000000,   23.00000000,    0.75000000,         0,       183,       468,          3817,        52,    0.00000000
4000,        20,        0.0930,    1.09773703,    2.55000000,   44.30000000,    0.55000000,         0,        26,       817,          3974,        68,    0.00000000
4000,        20,        0.0630,    1.12320663,    2.75000000,   29.35000000,    0.65000000,         0,        66,       630,          3934,        60,    0.00000000
4000,        20,        0.0090,    1.31918960,    2.30000000,    9.75000000,    0.90000000,         0,       112,       192,          3888,        40,    0.00000000
4000,        20,        0.1230,    1.11490093,    3.20000000,   37.45000000,    0.50000000,       281,         0,       864,          3719,        72,    0.00000000
4000,        20,        0.0100,    1.28324295,    2.25000000,    8.05000000,    0.90000000,         0,        84,       192,          3916,        40,    0.00000000
4000,        20,        0.0350,    1.15718147,    2.55000000,   24.35000000,    0.75000000,         0,       160,       468,          3840,        52,    0.00000000
4000,        20,        0.0110,    1.28876463,    2.50000000,    8.90000000,    0.90000000,         0,        56,       192,          3944,        40,    0.00000000
4000,        20,        0.0940,    1.11328724,    3.00000000,   34.65000000,    0.55000000,         0,         3,       817,          3997,        68,    0.00000000
4000,        20,        0.0640,    1.12364476,    2.80000000,   29.45000000,    0.65000000,         0,        42,       630,          3958,        60,    0.00000000
4000,        20,        0.0120,    1.28327020,    2.65000000,    9.50000000,    0.90000000,         0,        28,       192,          3972,        40,    0.00000000
4000,        20,        0.0360,    1.16229634,    2.70000000,   23.05000000,    0.75000000,         0,       136,       468,          3864,        52,    0.00000000
4000,        20,        0.1240,    1.10786926,    3.00000000,   35.90000000,    0.50000000,       301,         0,       864,          3699,        72,    0.00000000
4000,        20,        0.0130,    1.29990883,    3.00000000,    5.90000000,    0.90000000,         3,         0,       192,          3997,        40,    0.00000000
4000,        20,        0.0950,    1.10361505,    2.75000000,   37.30000000,    0.55000000,        25,         0,       817,          3975,        68,    0.00000000
4000,        20,        0.0650,    1.12789643,    2.95000000,   23.85000000,    0.65000000,         0,        19,       630,          3981,        60,    0.00000000
4000,        20,        0.0140,    1.25511691,    2.35000000,   16.05000000,    0.85000000,         0,       196,       266,          3804,        44,    0.00000000
4000,        20,        0.0370,    1.16329508,    2.80000000,   24.70000000,    0.75000000,         0,       113,       468,          3887,        52,    0.00000000
4000,        20,        0.1250,    1.11142376,    3.10000000,   33.75000000,    0.50000000,       320,         0,       864,          3680,        72,    0.00000000
4000,        20,        0.0150,    1.23436846,    2.30000000,   16.80000000,    0.85000000,         0,       170,       266,          3830,        44,    0.00000000
4000,        20,        0.0960,    1.10193244,    2.70000000,   37.65000000,    0.55000000,        54,         0,       817,          3946,        68,    0.00000000
4000,        20,        0.0380,    1.15355606,    2.70000000,   26.20000000,    0.75000000,         0,        89,       468,          3911,        52,    0.00000000
4000,        20,        0.0160,    1.24989689,    2.60000000,   14.20000000,    0.85000000,         0,       144,       266,          3856,        44,    0.00000000
4000,        20,        0.0660,    1.12420029,    2.90000000,   26.55000000,    0.65000000,         9,         0,       630,          3991,        60,    0.00000000
4000,        20,        0.0170,    1.24562213,    2.70000000,   14.45000000,    0.85000000,         0,       118,       266,          3882,        44,    0.00000000
4000,        20,        0.1260,    1.10966514,    3.05000000,   39.10000000,    0.50000000,       339,         0,       864,          3661,        72,    0.00000000
4000,        20,        0.0390,    1.14978731,    2.70000000,   26.25000000,    0.75000000,         0,        65,       468,          3935,        52,    0.00000000
4000,        20,        0.0970,    1.10928460,    2.90000000,   33.80000000,    0.55000000,        81,         0,       817,          3919,        68,    0.00000000
4000,        20,        0.0180,    1.22021767,    2.55000000,   13.35000000,    0.85000000,         0,        92,       266,          3908,        44,    0.00000000
4000,        20,        0.0670,    1.12423106,    2.90000000,   29.60000000,    0.65000000,        52,         0,       630,          3948,        60,    0.00000000
4000,        20,        0.0400,    1.15967439,    2.95000000,   20.10000000,    0.75000000,         0,        41,       468,          3959,        52,    0.00000000
4000,        20,        0.0190,    1.22615178,    2.75000000,   14.10000000,    0.85000000,         0,        66,       266,          3934,        44,    0.00000000
4000,        20,        0.1270,    1.11159176,    3.10000000,   36.60000000,    0.50000000,       358,         0,       864,          3642,        72,    0.00000000
4000,        20,        0.0980,    1.10573600,    2.80000000,   33.70000000,    0.55000000,       109,         0,       817,          3891,        68,    0.00000000
4000,        20,        0.0200,    1.22762795,    2.90000000,   12.00000000,    0.85000000,         0,        40,       266,          3960,        44,    0.00000000
4000,        20,        0.0680,    1.13044889,    3.05000000,   25.60000000,    0.65000000,        93,         0,       630,          3907,        60,    0.00000000
4000,        20,        0.0410,    1.14519640,    2.75000000,   27.90000000,    0.75000000,         0,        17,       468,          3983,        52,    0.00000000
4000,        20,        0.0210,    1.21395615,    2.85000000,   15.75000000,    0.85000000,         0,        14,       266,          3986,        44,    0.00000000
4000,        20,        0.1280,    1.10969710,    3.05000000,   32.20000000,    0.50000000,       376,         0,       864,          3624,        72,    0.00000000
4000,        20,        0.0990,    1.10176426,    2.70000000,   40.85000000,    0.55000000,       135,         0,       817,          3865,        68,    0.00000000
4000,        20,        0.0220,    1.24557842,    3.35000000,   11.20000000,    0.85000000,        66,         0,       266,          3934,        44,    0.00000000
4000,        20,        0.0420,    1.16897424,    3.25000000,   19.45000000,    0.75000000,        22,         0,       468,          3978,        52,    0.00000000
4000,        20,        0.0690,    1.12627519,    2.95000000,   29.00000000,    0.65000000,       134,         0,       630,          3866,        60,    0.00000000
4000,        20,        0.1290,    1.10788391,    3.00000000,   34.30000000,    0.50000000,       394,         0,       864,          3606,        72,    0.00000000
4000,        20,        0.0230,    1.19943930,    2.50000000,   19.45000000,    0.80000000,         0,       200,       373,          3800,        48,    0.00000000
4000,        20,        0.1000,    1.10577465,    2.80000000,   38.40000000,    0.55000000,       162,         0,       817,          3838,        68,    0.00000000
4000,        20,        0.0430,    1.16351795,    3.15000000,   18.10000000,    0.75000000,        91,         0,       468,          3909,        52,    0.00000000
4000,        20,        0.0240,    1.19109873,    2.50000000,   21.85000000,    0.80000000,         0,       176,       373,          3824,        48,    0.00000000
4000,        20,        0.0700,    1.12855217,    3.00000000,   24.85000000,    0.65000000,       174,         0,       630,          3826,        60,    0.00000000
4000,        20,        0.0440,    1.15833511,    3.05000000,   23.30000000,    0.75000000,       158,         0,       468,          3842,        52,    0.00000000
4000,        20,        0.1300,    1.10975106,    3.05000000,   36.80000000,    0.50000000,       412,         0,       864,          3588,        72,    0.00000000
4000,        20,        0.1010,    1.10368247,    2.75000000,   42.35000000,    0.55000000,       187,         0,       817,          3813,        68,    0.00000000
4000,        20,        0.0250,    1.18457874,    2.50000000,   21.15000000,    0.80000000,         0,       151,       373,          3849,        48,    0.00000000
4000,        20,        0.0710,    1.13626971,    3.00000000,   27.75000000,    0.60000000,         0,       193,       697,          3807,        64,    0.00000000
4000,        20,        0.0450,    1.16085171,    2.90000000,   24.90000000,    0.70000000,         0,       192,       464,          3808,        56,    0.00000000
4000,        20,        0.0260,    1.19154193,    2.70000000,   21.35000000,    0.80000000,         0,       127,       373,          3873,        48,    0.00000000
4000,        20,        0.1310,    1.11138744,    3.10000000,   36.85000000,    0.50000000,       429,         0,       864,          3571,        72,    0.00000000
4000,        20,        0.1020,    1.12499743,    3.15000000,   31.75000000,    0.50000000,         0,       189,       864,          3811,        72,    0.00000000
4000,        20,        0.0270,    1.17846664,    2.60000000,   18.35000000,    0.80000000,         0,       102,       373,          3898,        48,    0.00000000
4000,        20,        0.0460,    1.16822596,    3.10000000,   23.35000000,    0.70000000,         0,       169,       464,          3831,        56,    0.00000000
4000,        20,        0.0720,    1.13617637,    3.05000000,   30.65000000,    0.60000000,         0,       171,       697,          3829,        64,    0.00000000
4000,        20,        0.0280,    1.18837082,    2.85000000,   16.45000000,    0.80000000,         0,        78,       373,          3922,        48,    0.00000000
4000,        20,        0.1320,    1.10950113,    3.05000000,   39.05000000,    0.50000000,       446,         0,       864,          3554,        72,    0.00000000
4000,        20,        0.1030,    1.12150830,    3.10000000,   34.70000000,    0.50000000,         0,       166,       864,          3834,        72,    0.00000000
4000,        20,        0.0470,    1.16191452,    3.05000000,   21.00000000,    0.70000000,         0,       146,       464,          3854,        56,    0.00000000
4000,        20,        0.0730,    1.13201042,    3.00000000,   27.45000000,    0.60000000,         0,       148,       697,          3852,        64,    0.00000000
4000,        20,        0.0290,    1.18575529,    2.90000000,   15.55000000,    0.80000000,         0,        53,       373,          3947,        48,    0.00000000
4000,        20,        0.0480,    1.16099011,    3.10000000,   22.65000000,    0.70000000,         0,       123,       464,          3877,        56,    0.00000000
4000,        20,        0.1330,    1.10949053,    3.05000000,   33.80000000,    0.50000000,       463,         0,       864,          3537,        72,    0.00000000
4000,        20,        0.1040,    1.12193145,    3.15000000,   31.25000000,    0.50000000,         0,       143,       864,          3857,        72,    0.00000000
4000,        20,        0.0300,    1.18322893,    2.95000000,   15.00000000,    0.80000000,         0,        28,       373,          3972,        48,    0.00000000
4000,        20,        0.0740,    1.13441474,    3.10000000,   29.00000000,    0.60000000,         0,       125,       697,          3875,        64,    0.00000000
4000,        20,        0.0490,    1.15239034,    3.00000000,   27.05000000,    0.70000000,         0,       100,       464,          3900,        56,    0.00000000
4000,        20,        0.1340,    1.11135509,    3.10000000,   38.15000000,    0.50000000,       480,         0,       864,          3520,        72,    0.00000000
4000,        20,        0.1050,    1.11272231,    2.95000000,   39.15000000,    0.50000000,         0,       120,       864,          3880,        72,    0.00000000
4000,        20,        0.0750,    1.12172761,    2.85000000,   33.45000000,    0.60000000,         0,       102,       697,          3898,        64,    0.00000000
4000,        20,        0.0500,    1.15154374,    3.05000000,   22.80000000,    0.70000000,         0,        77,       464,          3923,        56,    0.00000000
4000,        20,        0.1350,    1.10789567,    3.00000000,   37.25000000,    0.50000000,       497,         0,       864,          3503,        72,    0.00000000
4000,        20,        0.1060,    1.11338450,    3.00000000,   40.25000000,    0.50000000,         0,        96,       864,          3904,        72,    0.00000000
4000,        20,        0.0510,    1.15855784,    3.25000000,   20.05000000,    0.70000000,         0,        53,       464,          3947,        56,    0.00000000
4000,        20,        0.0760,    1.12619084,    3.00000000,   32.40000000,    0.60000000,         0,        79,       697,          3921,        64,    0.00000000
4000,        20,        0.0520,    1.13833029,    2.90000000,   24.60000000,    0.70000000,         0,        30,       464,          3970,        56,    0.00000000
4000,        20,        0.1360,    1.10599251,    2.95000000,   38.55000000,    0.50000000,       513,         0,       864,          3487,        72,    0.00000000
4000,        20,        0.1070,    1.10627298,    2.85000000,   37.50000000,    0.50000000,         0,        73,       864,          3927,        72,    0.00000000
4000,        20,        0.0770,    1.11595232,    2.80000000,   34.00000000,    0.60000000,         0,        56,       697,          3944,        64,    0.00000000
4000,        20,        0.0530,    1.14517086,    3.10000000,   21.95000000,    0.70000000,         0,         6,       464,          3994,        56,    0.00000000
4000,        20,        0.1370,    1.10596005,    2.95000000,   40.05000000,    0.50000000,       529,         0,       864,          3471,        72,    0.00000000
4000,        20,        0.1080,    1.11058946,    3.00000000,   42.45000000,    0.50000000,         0,        49,       864,          3951,        72,    0.00000000
4000,        20,        0.0780,    1.12433089,    3.05000000,   28.85000000,    0.60000000,         0,        33,       697,          3967,        64,    0.00000000
4000,        20,        0.0540,    1.14216472,    3.05000000,   21.85000000,    0.70000000,        41,         0,       464,          3959,        56,    0.00000000
4000,        20,        0.1380,    1.11679602,    3.25000000,   31.95000000,    0.50000000,       545,         0,       864,          3455,        72,    0.00000000
4000,        20,        0.0550,    1.15148414,    3.25000000,   19.60000000,    0.70000000,        94,         0,       464,          3906,        56,    0.00000000
4000,        20,        0.1090,    1.11475260,    3.15000000,   30.95000000,    0.50000000,         0,        25,       864,          3975,        72,    0.00000000
4000,        20,        0.0790,    1.11429880,    2.85000000,   32.25000000,    0.60000000,         0,        10,       697,          3990,        64,    0.00000000
4000,        20,        0.0560,    1.15606102,    3.35000000,   20.10000000,    0.70000000,       145,         0,       464,          3855,        56,    0.00000000
4000,        20,        0.1390,    1.11690495,    3.25000000,   33.25000000,    0.50000000,       561,         0,       864,          3439,        72,    0.00000000
4000,        20,        0.1100,    1.11156468,    3.10000000,   29.00000000,    0.50000000,         0,         1,       864,          3999,        72,    0.00000000
4000,        20,        0.0800,    1.12380966,    3.10000000,   29.40000000,    0.60000000,        21,         0,       697,          3979,        64,    0.00000000
4000,        20,        0.0570,    1.14917089,    3.20000000,   21.40000000,    0.70000000,       195,         0,       464,          3805,        56,    0.00000000
4000,        20,        0.1400,    1.11135901,    3.10000000,   36.95000000,    0.50000000,       576,         0,       864,          3424,        72,    0.00000000
4000,        20,        0.0810,    1.11396300,    2.85000000,   34.35000000,    0.60000000,        56,         0,       697,          3944,        64,    0.00000000
4000,        20,        0.1110,    1.11512619,    3.20000000,   36.15000000,    0.50000000,        23,         0,       864,          3977,        72,    0.00000000
4000,        20,        0.0580,    1.14232880,    2.90000000,   29.65000000,    0.65000000,         0,       180,       630,          3820,        60,    0.00000000
4000,        20,        0.1410,    1.12027647,    3.35000000,   36.00000000,    0.50000000,       591,         0,       864,          3409,        72,    0.00000000
4000,        20,        0.0820,    1.11976769,    3.00000000,   31.15000000,    0.60000000,        89,         0,       697,          3911,        64,    0.00000000
4000,        20,        0.1120,    1.10417657,    2.90000000,   40.20000000,    0.50000000,        46,         0,       864,          3954,        72,    0.00000000
4000,        20,        0.0590,    1.13992325,    2.90000000,   29.80000000,    0.65000000,         0,       157,       630,          3843,        60,    0.00000000
4000,        20,        0.0830,    1.11778638,    2.95000000,   28.90000000,    0.60000000,       122,         0,       697,          3878,        64,    0.00000000
4000,        20,        0.1420,    1.11699262,    3.25000000,   33.35000000,    0.50000000,       607,         0,       864,          3393,        72,    0.00000000
4000,        20,        0.0600,    1.12518060,    2.65000000,   33.15000000,    0.65000000,         0,       135,       630,          3865,        60,    0.00000000
4000,        20,        0.1130,    1.10233420,    2.85000000,   43.70000000,    0.50000000,        69,         0,       864,          3931,        72,    0.00000000
4000,        20,        0.0840,    1.11772512,    2.95000000,   29.70000000,    0.60000000,       154,         0,       697,          3846,        64,    0.00000000
4000,        20,        0.1430,    1.10951723,    3.05000000,   37.35000000,    0.50000000,       621,         0,       864,          3379,        72,    0.00000000
4000,        20,        0.1140,    1.10959668,    3.05000000,   38.45000000,    0.50000000,        92,         0,       864,          3908,        72,    0.00000000
4000,        20,        0.0850,    1.12186785,    3.05000000,   29.00000000,    0.60000000,       186,         0,       697,          3814,        64,    0.00000000
4000,        20,        0.1440,    1.10963385,    3.05000000,   38.40000000,    0.50000000,       636,         0,       864,          3364,        72,    0.00000000
4000,        20,        0.1150,    1.10796742,    3.00000000,   33.90000000,    0.50000000,       115,         0,       864,          3885,        72,    0.00000000
4000,        20,        0.0860,    1.13050093,    3.10000000,   28.15000000,    0.55000000,         0,       188,       817,          3812,        68,    0.00000000
4000,        20,        0.1450,    1.11488231,    3.20000000,   34.15000000,    0.50000000,       650,         0,       864,          3350,        72,    0.00000000
4000,        20,        0.1160,    1.11155643,    3.10000000,   33.30000000,    0.50000000,       137,         0,       864,          3863,        72,    0.00000000
4000,        20,        0.0870,    1.12258645,    2.95000000,   34.95000000,    0.55000000,         0,       165,       817,          3835,        68,    0.00000000
4000,        20,        0.1460,    1.11692744,    3.25000000,   29.90000000,    0.50000000,       665,         0,       864,          3335,        72,    0.00000000
4000,        20,        0.1170,    1.11315767,    3.15000000,   35.00000000,    0.50000000,       158,         0,       864,          3842,        72,    0.00000000
4000,        20,        0.0880,    1.11278064,    2.75000000,   36.20000000,    0.55000000,         0,       142,       817,          3858,        68,    0.00000000
4000,        20,        0.1470,    1.11150152,    3.10000000,   40.55000000,    0.50000000,       679,         0,       864,          3321,        72,    0.00000000
4000,        20,        0.1180,    1.11334841,    3.15000000,   37.90000000,    0.50000000,       180,         0,       864,          3820,        72,    0.00000000
4000,        20,        0.0890,    1.11299038,    2.80000000,   40.70000000,    0.55000000,         0,       120,       817,          3880,        68,    0.00000000
4000,        20,        0.1480,    1.11333585,    3.15000000,   34.55000000,    0.50000000,       693,         0,       864,          3307,        72,    0.00000000
4000,        20,        0.0900,    1.11344501,    2.85000000,   32.30000000,    0.55000000,         0,        97,       817,          3903,        68,    0.00000000
4000,        20,        0.1190,    1.10974684,    3.05000000,   37.60000000,    0.50000000,       201,         0,       864,          3799,        72,    0.00000000
4000,        20,        0.1490,    1.11849126,    3.30000000,   29.50000000,    0.50000000,       706,         0,       864,          3294,        72,    0.00000000
4000,        20,        0.1200,    1.10954774,    3.05000000,   41.65000000,    0.50000000,       221,         0,       864,          3779,        72,    0.00000000
4000,        20,        0.1500,    1.11324626,    3.15000000,   44.80000000,    0.50000000,       720,         0,       864,          3280,        72,    0.00000000
4000,        20,        0.0050,    2.51914215,    5.60000000,   13.95000000,    0.85000000,         0,       439,       266,          3561,        44,    0.00000000
4000,        20,        0.0060,    2.18837941,    5.15000000,   13.20000000,    0.85000000,         0,       411,       266,          3589,        44,    0.00000000
4000,        20,        0.0070,    1.88656946,    4.40000000,   15.85000000,    0.85000000,         0,       383,       266,          3617,        44,    0.00000000
4000,        20,        0.0080,    1.79003947,    4.40000000,   13.75000000,    0.85000000,         0,       355,       266,          3645,        44,    0.00000000
4000,        20,        0.0090,    1.61439401,    3.80000000,   15.45000000,    0.85000000,         0,       328,       266,          3672,        44,    0.00000000
4000,        20,        0.0100,    1.53494451,    3.65000000,   15.10000000,    0.85000000,         0,       302,       266,          3698,        44,    0.00000000
4000,        20,        0.0100,    1.92077322,    5.40000000,   17.10000000,    0.80000000,         0,       519,       373,          3481,        48,    0.00000000
4000,        20,        0.0110,    1.27134889,    2.35000000,    9.60000000,    0.90000000,         0,        56,       192,          3944,        40,    0.00000000
4000,        20,        0.0110,    1.45857579,    3.40000000,   15.45000000,    0.85000000,         0,       275,       266,          3725,        44,    0.00000000
4000,        20,        0.0110,    1.81416954,    5.20000000,   17.65000000,    0.80000000,         0,       494,       373,          3506,        48,    0.00000000
4000,        20,        0.0120,    1.28327020,    2.65000000,    9.35000000,    0.90000000,         0,        28,       192,          3972,        40,    0.00000000
4000,        20,        0.0120,    1.29178641,    2.35000000,   14.60000000,    0.85000000,         0,       249,       266,          3751,        44,    0.00000000
4000,        20,        0.0120,    1.66641601,    4.60000000,   18.55000000,    0.80000000,         0,       469,       373,          3531,        48,    0.00000000
4000,        20,        0.0130,    1.27317420,    2.35000000,   16.70000000,    0.85000000,         0,       222,       266,          3778,        44,    0.00000000
4000,        20,        0.0130,    1.29490918,    2.95000000,    8.15000000,    0.90000000,         3,         0,       192,          3997,        40,    0.00000000
4000,        20,        0.0130,    1.59812574,    4.45000000,   18.25000000,    0.80000000,         0,       445,       373,          3555,        48,    0.00000000
4000,        20,        0.0140,    1.23879099,    2.20000000,   17.00000000,    0.85000000,         0,       196,       266,          3804,        44,    0.00000000
4000,        20,        0.0140,    1.28495445,    2.85000000,    7.15000000,    0.90000000,       236,         0,       192,          3764,        40,    0.00000000
4000,        20,        0.0140,    1.56021731,    4.45000000,   17.20000000,    0.80000000,         0,       420,       373,          3580,        48,    0.00000000
4000,        20,        0.0150,    1.25481734,    2.50000000,   15.85000000,    0.85000000,         0,       170,       266,          3830,        44,    0.00000000
4000,        20,        0.0150,    1.27998679,    2.80000000,    8.60000000,    0.90000000,       440,         0,       192,          3560,        40,    0.00000000
4000,        20,        0.0150,    1.48570450,    4.10000000,   20.00000000,    0.80000000,         0,       395,       373,          3605,        48,    0.00000000
4000,        20,        0.0150,    1.88849782,    6.50000000,   18.55000000,    0.75000000,         0,       621,       468,          3379,        52,    0.00000000
4000,        20,        0.0160,    1.26707775,    2.40000000,   16.80000000,    0.80000000,         0,       371,       373,          3629,        48,    0.00000000
4000,        20,        0.0160,    1.29492542,    2.95000000,    8.40000000,    0.90000000,       620,         0,       192,          3380,        40,    0.00000000
4000,        20,        0.0160,    1.77981225,    6.05000000,   18.35000000,    0.75000000,         0,       598,       468,          3402,        52,    0.00000000
4000,        20,        0.0170,    1.24845595,    2.35000000,   20.10000000,    0.80000000,         0,       346,       373,          3654,        48,    0.00000000
4000,        20,        0.0170,    1.27475354,    2.75000000,    9.90000000,    0.90000000,       780,         0,       192,          3220,        40,    0.00000000
4000,        20,        0.0170,    1.76854275,    6.30000000,   16.10000000,    0.75000000,         0,       575,       468,          3425,        52,    0.00000000
4000,        20,        0.0180,    1.22502794,    2.25000000,   20.80000000,    0.80000000,         0,       322,       373,          3678,        48,    0.00000000
4000,        20,        0.0180,    1.25980785,    2.60000000,   11.65000000,    0.90000000,       924,         0,       192,          3076,        40,    0.00000000
4000,        20,        0.0180,    1.63677471,    5.50000000,   18.35000000,    0.75000000,         0,       552,       468,          3448,        52,    0.00000000
4000,        20,        0.0190,    1.24689494,    2.60000000,   19.75000000,    0.80000000,         0,       298,       373,          3702,        48,    0.00000000
4000,        20,        0.0190,    1.25489752,    2.55000000,   10.05000000,    0.90000000,      1054,         0,       192,          2946,        40,    0.00000000
4000,        20,        0.0190,    1.63370410,    5.75000000,   18.05000000,    0.75000000,         0,       529,       468,          3471,        52,    0.00000000
4000,        20,        0.0200,    1.22280441,    2.45000000,   20.85000000,    0.80000000,         0,       273,       373,          3727,        48,    0.00000000
4000,        20,        0.0200,    1.30455875,    3.05000000,    7.30000000,    0.90000000,      1171,         0,       192,          2829,        40,    0.00000000
4000,        20,        0.0200,    1.49415232,    4.70000000,   22.70000000,    0.75000000,         0,       506,       468,          3494,        52,    0.00000000
4000,        20,        0.0200,    1.79473656,    6.55000000,   19.05000000,    0.70000000,         0,       739,       464,          3261,        56,    0.00000000
4000,        20,        0.0210,    1.20804746,    2.40000000,   24.30000000,    0.80000000,         0,       249,       373,          3751,        48,    0.00000000
4000,        20,        0.0210,    1.21771030,    2.90000000,   12.95000000,    0.85000000,         0,        14,       266,          3986,        44,    0.00000000
4000,        20,        0.0210,    1.26487732,    2.65000000,    9.80000000,    0.90000000,      1279,         0,       192,          2721,        40,    0.00000000
4000,        20,        0.0210,    1.50270967,    5.00000000,   18.90000000,    0.75000000,         0,       483,       468,          3517,        52,    0.00000000
4000,        20,        0.0210,    1.73009637,    6.30000000,   22.20000000,    0.70000000,         0,       718,       464,          3282,        56,    0.00000000
4000,        20,        0.0220,    1.21120408,    2.55000000,   17.95000000,    0.80000000,         0,       225,       373,          3775,        48,    0.00000000
4000,        20,        0.0220,    1.22972789,    2.40000000,   23.30000000,    0.75000000,         0,       461,       468,          3539,        52,    0.00000000
4000,        20,        0.0220,    1.23824560,    3.25000000,   12.35000000,    0.85000000,        66,         0,       266,          3934,        44,    0.00000000
4000,        20,        0.0220,    1.25238366,    2.52631579,   10.05263158,    0.90000000,      1377,         0,       192,          2623,        40,    0.05000000
4000,        20,        0.0220,    1.69313970,    6.25000000,   18.25000000,    0.70000000,         0,       697,       464,          3303,        56,    0.00000000
4000,        20,        0.0230,    1.23074870,    3.15000000,   13.55000000,    0.85000000,       201,         0,       266,          3799,        44,    0.00000000
4000,        20,        0.0230,    1.23444072,    2.55000000,   23.40000000,    0.75000000,         0,       438,       468,          3562,        52,    0.00000000
4000,        20,        0.0230,    1.25457868,    2.55000000,   10.90000000,    0.90000000,      1467,         0,       192,          2533,        40,    0.00000000
4000,        20,        0.0230,    1.63923372,    6.00000000,   19.25000000,    0.70000000,         0,       675,       464,          3325,        56,    0.00000000
4000,        20,        0.0240,    1.21654299,    2.45000000,   24.80000000,    0.75000000,         0,       415,       468,          3585,        52,    0.00000000
4000,        20,        0.0240,    1.22339849,    3.05000000,   13.15000000,    0.85000000,       326,         0,       266,          3674,        44,    0.00000000
4000,        20,        0.0240,    1.26989449,    2.70000000,    9.30000000,    0.90000000,      1551,         0,       192,          2449,        40,    0.00000000
4000,        20,        0.0240,    1.59837765,    5.85000000,   19.65000000,    0.70000000,         0,       654,       464,          3346,        56,    0.00000000
4000,        20,        0.0250,    1.20848872,    2.45000000,   24.90000000,    0.75000000,         0,       392,       468,          3608,        52,    0.00000000
4000,        20,        0.0250,    1.24180215,    3.30000000,   13.35000000,    0.85000000,       442,         0,       266,          3558,        44,    0.00000000
4000,        20,        0.0250,    1.24480167,    2.45000000,   12.40000000,    0.90000000,      1628,         0,       192,          2372,        40,    0.00000000
4000,        20,        0.0250,    1.57662173,    5.85000000,   17.95000000,    0.70000000,         0,       632,       464,          3368,        56,    0.00000000
4000,        20,        0.0260,    1.18861165,    2.30000000,   28.60000000,    0.75000000,         0,       369,       468,          3631,        52,    0.00000000
4000,        20,        0.0260,    1.23097117,    3.15000000,   13.45000000,    0.85000000,       550,         0,       266,          3450,        44,    0.00000000
4000,        20,        0.0260,    1.26839134,    2.68421053,    9.47368421,    0.90000000,      1700,         0,       192,          2300,        40,    0.05000000
4000,        20,        0.0260,    1.53137458,    5.60000000,   19.00000000,    0.70000000,         0,       611,       464,          3389,        56,    0.00000000
4000,        20,        0.0270,    1.21991934,    3.00000000,   12.35000000,    0.85000000,       650,         0,       266,          3350,        44,    0.00000000
4000,        20,        0.0270,    1.22568525,    2.85000000,   21.40000000,    0.75000000,         0,       346,       468,          3654,        52,    0.00000000
4000,        20,        0.0270,    1.26453890,    2.65000000,    9.95000000,    0.90000000,      1766,         0,       192,          2234,        40,    0.00000000
4000,        20,        0.0270,    1.46172154,    5.05000000,   20.55000000,    0.70000000,         0,       590,       464,          3410,        56,    0.00000000
4000,        20,        0.0280,    1.19877283,    2.60000000,   23.90000000,    0.75000000,         0,       323,       468,          3677,        52,    0.00000000
4000,        20,        0.0280,    1.23805116,    3.25000000,   13.70000000,    0.85000000,       743,         0,       266,          3257,        44,    0.00000000
4000,        20,        0.0280,    1.25780119,    2.57894737,   10.21052632,    0.90000000,      1829,         0,       192,          2171,        40,    0.05000000
4000,        20,        0.0280,    1.43773777,    4.95000000,   22.50000000,    0.70000000,         0,       568,       464,          3432,        56,    0.00000000
4000,        20,        0.0290,    1.21067339,    2.85000000,   19.95000000,    0.75000000,         0,       300,       468,          3700,        52,    0.00000000
4000,        20,        0.0290,    1.23088511,    3.15000000,   14.35000000,    0.85000000,       831,         0,       266,          3169,        44,    0.00000000
4000,        20,        0.0290,    1.24968616,    2.50000000,   10.50000000,    0.90000000,      1887,         0,       192,          2113,        40,    0.00000000
4000,        20,        0.0290,    1.44093171,    5.15000000,   19.65000000,    0.70000000,         0,       546,       464,          3454,        56,    0.00000000
4000,        20,        0.0300,    1.19300136,    2.70000000,   22.85000000,    0.75000000,         0,       277,       468,          3723,        52,    0.00000000
4000,        20,        0.0300,    1.23815243,    3.25000000,   11.85000000,    0.85000000,       913,         0,       266,          3087,        44,    0.00000000
4000,        20,        0.0300,    1.25981593,    2.60000000,   10.00000000,    0.90000000,      1942,         0,       192,          2058,        40,    0.00000000
4000,        20,        0.0300,    1.38058303,    4.60000000,   25.10000000,    0.70000000,         0,       525,       464,          3475,        56,    0.00000000
4000,        20,        0.0300,    1.59253304,    6.20000000,   23.75000000,    0.65000000,         0,       773,       630,          3227,        60,    0.00000000
4000,        20,        0.0310,    1.18283246,    3.05000000,   14.25000000,    0.80000000,         0,         4,       373,          3996,        48,    0.00000000
4000,        20,        0.0310,    1.20521695,    2.95000000,   20.65000000,    0.75000000,         0,       253,       468,          3747,        52,    0.00000000
4000,        20,        0.0310,    1.21971404,    3.00000000,   12.20000000,    0.85000000,       990,         0,       266,          3010,        44,    0.00000000
4000,        20,        0.0310,    1.37312865,    4.65000000,   20.45000000,    0.70000000,         0,       503,       464,          3497,        56,    0.00000000
4000,        20,        0.0310,    1.59717200,    6.45000000,   20.05000000,    0.65000000,         0,       753,       630,          3247,        60,    0.00000000
4000,        20,        0.0320,    1.17380132,    2.90000000,   16.75000000,    0.80000000,        84,         0,       373,          3916,        48,    0.00000000
4000,        20,        0.0320,    1.17512046,    2.60000000,   22.45000000,    0.75000000,         0,       230,       468,          3770,        52,    0.00000000
4000,        20,        0.0320,    1.24178981,    3.30000000,   12.90000000,    0.85000000,      1063,         0,       266,          2937,        44,    0.00000000
4000,        20,        0.0320,    1.37381719,    4.80000000,   20.45000000,    0.70000000,         0,       481,       464,          3519,        56,    0.00000000
4000,        20,        0.0320,    1.52952225,    5.90000000,   26.80000000,    0.65000000,         0,       733,       630,          3267,        60,    0.00000000
4000,        20,        0.0330,    1.16791371,    2.80000000,   17.90000000,    0.80000000,       176,         0,       373,          3824,        48,    0.00000000
4000,        20,        0.0330,    1.16964625,    2.60000000,   28.60000000,    0.75000000,         0,       207,       468,          3793,        52,    0.00000000
4000,        20,        0.0330,    1.20706336,    2.75000000,   26.95000000,    0.70000000,         0,       460,       464,          3540,        56,    0.00000000
4000,        20,        0.0330,    1.23824185,    3.25000000,   10.20000000,    0.85000000,      1132,         0,       266,          2868,        44,    0.00000000
4000,        20,        0.0330,    1.52244912,    6.00000000,   21.20000000,    0.65000000,         0,       713,       630,          3287,        60,    0.00000000
4000,        20,        0.0340,    1.17970853,    3.00000000,   16.35000000,    0.80000000,       262,         0,       373,          3738,        48,    0.00000000
4000,        20,        0.0340,    1.18123737,    2.85000000,   24.25000000,    0.75000000,         0,       183,       468,          3817,        52,    0.00000000
4000,        20,        0.0340,    1.20525056,    2.80000000,   14.30000000,    0.85000000,      1197,         0,       266,          2803,        44,    0.00000000
4000,        20,        0.0340,    1.20862222,    2.85000000,   26.90000000,    0.70000000,         0,       438,       464,          3562,        56,    0.00000000
4000,        20,        0.0340,    1.51663406,    6.10000000,   21.05000000,    0.65000000,         0,       692,       630,          3308,        60,    0.00000000
4000,        20,        0.0350,    1.16336834,    2.65000000,   24.75000000,    0.75000000,         0,       160,       468,          3840,        52,    0.00000000
4000,        20,        0.0350,    1.17968006,    3.00000000,   15.90000000,    0.80000000,       344,         0,       373,          3656,        48,    0.00000000
4000,        20,        0.0350,    1.20286908,    2.85000000,   25.70000000,    0.70000000,         0,       416,       464,          3584,        56,    0.00000000
4000,        20,        0.0350,    1.22700056,    3.10000000,   11.35000000,    0.85000000,      1258,         0,       266,          2742,        44,    0.00000000
4000,        20,        0.0350,    1.41538236,    5.05000000,   28.60000000,    0.65000000,         0,       672,       630,          3328,        60,    0.00000000
4000,        20,        0.0360,    1.17672071,    2.95000000,   19.55000000,    0.80000000,       422,         0,       373,          3578,        48,    0.00000000
4000,        20,        0.0360,    1.19039966,    2.75000000,   28.10000000,    0.70000000,         0,       394,       464,          3606,        56,    0.00000000
4000,        20,        0.0360,    1.39565516,    4.95000000,   30.60000000,    0.65000000,         0,       652,       630,          3348,        60,    0.00000000
4000,        20,        0.0370,    1.17672414,    2.95000000,   15.40000000,    0.80000000,       496,         0,       373,          3504,        48,    0.00000000
4000,        20,        0.0370,    1.18188831,    2.70000000,   27.10000000,    0.70000000,         0,       372,       464,          3628,        56,    0.00000000
4000,        20,        0.0370,    1.38557010,    4.95000000,   25.20000000,    0.65000000,         0,       631,       630,          3369,        60,    0.00000000
4000,        20,        0.0380,    1.16493222,    2.75000000,   19.90000000,    0.80000000,       567,         0,       373,          3433,        48,    0.00000000
4000,        20,        0.0380,    1.18224021,    2.40000000,   37.50000000,    0.65000000,         0,       610,       630,          3390,        60,    0.00000000
4000,        20,        0.0380,    1.19019417,    2.90000000,   25.40000000,    0.70000000,         0,       350,       464,          3650,        56,    0.00000000
4000,        20,        0.0390,    1.17691352,    2.95000000,   16.20000000,    0.80000000,       634,         0,       373,          3366,        48,    0.00000000
4000,        20,        0.0390,    1.18277846,    2.85000000,   26.15000000,    0.70000000,         0,       327,       464,          3673,        56,    0.00000000
4000,        20,        0.0390,    1.18442910,    2.50000000,   35.60000000,    0.65000000,         0,       590,       630,          3410,        60,    0.00000000
4000,        20,        0.0400,    1.17992801,    3.00000000,   20.15000000,    0.80000000,       698,         0,       373,          3302,        48,    0.00000000
4000,        20,        0.0400,    1.18422423,    2.95000000,   26.40000000,    0.70000000,         0,       305,       464,          3695,        56,    0.00000000
4000,        20,        0.0400,    1.19089936,    2.65000000,   30.25000000,    0.65000000,         0,       569,       630,          3431,        60,    0.00000000
4000,        20,        0.0400,    1.42075339,    5.05000000,   28.10000000,    0.60000000,         0,       833,       697,          3167,        64,    0.00000000
4000,        20,        0.0410,    1.17636404,    2.90000000,   23.75000000,    0.70000000,         0,       283,       464,          3717,        56,    0.00000000
4000,        20,        0.0410,    1.17936209,    2.55000000,   36.90000000,    0.65000000,         0,       548,       630,          3452,        60,    0.00000000
4000,        20,        0.0410,    1.36555878,    4.50000000,   33.60000000,    0.60000000,         0,       814,       697,          3186,        64,    0.00000000
4000,        20,        0.0420,    1.17516212,    2.55000000,   33.20000000,    0.65000000,         0,       527,       630,          3473,        60,    0.00000000
4000,        20,        0.0420,    1.17550500,    2.95000000,   27.65000000,    0.70000000,         0,       260,       464,          3740,        56,    0.00000000
4000,        20,        0.0420,    1.37247284,    4.70000000,   30.60000000,    0.60000000,         0,       795,       697,          3205,        64,    0.00000000
4000,        20,        0.0430,    1.16805274,    2.90000000,   26.35000000,    0.70000000,         0,       238,       464,          3762,        56,    0.00000000
4000,        20,        0.0430,    1.17778462,    2.65000000,   33.35000000,    0.65000000,         0,       506,       630,          3494,        60,    0.00000000
4000,        20,        0.0430,    1.40689896,    5.25000000,   24.05000000,    0.60000000,         0,       775,       697,          3225,        64,    0.00000000
4000,        20,        0.0440,    1.15397565,    2.35000000,   41.20000000,    0.65000000,         0,       485,       630,          3515,        60,    0.00000000
4000,        20,        0.0440,    1.15872989,    2.80000000,   30.25000000,    0.70000000,         0,       215,       464,          3785,        56,    0.00000000
4000,        20,        0.0440,    1.34036673,    4.50000000,   32.05000000,    0.60000000,         0,       756,       697,          3244,        64,    0.00000000
4000,        20,        0.0450,    1.16640602,    3.00000000,   24.30000000,    0.70000000,         0,       192,       464,          3808,        56,    0.00000000
4000,        20,        0.0450,    1.34044120,    4.60000000,   29.30000000,    0.60000000,         0,       736,       697,          3264,        64,    0.00000000
4000,        20,        0.0460,    1.16253877,    2.60000000,   36.20000000,    0.65000000,         0,       443,       630,          3557,        60,    0.00000000
4000,        20,        0.0460,    1.16358682,    3.15000000,   20.85000000,    0.75000000,       284,         0,       468,          3716,        52,    0.00000000
4000,        20,        0.0460,    1.37228029,    5.15000000,   23.40000000,    0.60000000,         0,       717,       697,          3283,        64,    0.00000000
4000,        20,        0.0470,    1.15572255,    3.00000000,   21.10000000,    0.75000000,       343,         0,       468,          3657,        52,    0.00000000
4000,        20,        0.0470,    1.17408734,    2.85000000,   33.80000000,    0.65000000,         0,       422,       630,          3578,        60,    0.00000000
4000,        20,        0.0470,    1.19789753,    2.80000000,   37.65000000,    0.60000000,         0,       697,       697,          3303,        64,    0.00000000
4000,        20,        0.0480,    1.15874222,    2.65000000,   34.75000000,    0.65000000,         0,       400,       630,          3600,        60,    0.00000000
4000,        20,        0.0480,    1.17393884,    3.35000000,   18.70000000,    0.75000000,       400,         0,       468,          3600,        52,    0.00000000
4000,        20,        0.0480,    1.18688011,    2.70000000,   41.25000000,    0.60000000,         0,       677,       697,          3323,        64,    0.00000000
4000,        20,        0.0490,    1.15321072,    2.95000000,   18.95000000,    0.75000000,       455,         0,       468,          3545,        52,    0.00000000
4000,        20,        0.0490,    1.15798033,    2.70000000,   29.10000000,    0.65000000,         0,       379,       630,          3621,        60,    0.00000000
4000,        20,        0.0490,    1.19320619,    2.85000000,   30.85000000,    0.60000000,         0,       657,       697,          3343,        64,    0.00000000
4000,        20,        0.0500,    1.14056329,    2.45000000,   36.50000000,    0.65000000,         0,       357,       630,          3643,        60,    0.00000000
4000,        20,        0.0500,    1.15068703,    2.90000000,   22.40000000,    0.75000000,       508,         0,       468,          3492,        52,    0.00000000
4000,        20,        0.0500,    1.18589678,    2.80000000,   33.00000000,    0.60000000,         0,       637,       697,          3363,        64,    0.00000000
4000,        20,        0.0500,    1.34205617,    4.45000000,   35.80000000,    0.55000000,         0,       918,       817,          3082,        68,    0.00000000
4000,        20,        0.0510,    1.14912509,    2.65000000,   38.95000000,    0.65000000,         0,       335,       630,          3665,        60,    0.00000000
4000,        20,        0.0510,    1.16373353,    3.15000000,   21.20000000,    0.75000000,       559,         0,       468,          3441,        52,    0.00000000
4000,        20,        0.0510,    1.18531255,    2.85000000,   32.00000000,    0.60000000,         0,       617,       697,          3383,        64,    0.00000000
4000,        20,        0.0510,    1.34680659,    4.60000000,   30.35000000,    0.55000000,         0,       899,       817,          3101,        68,    0.00000000
4000,        20,        0.0520,    1.14622290,    2.65000000,   33.60000000,    0.65000000,         0,       313,       630,          3687,        60,    0.00000000
4000,        20,        0.0520,    1.15851552,    3.05000000,   31.05000000,    0.75000000,       608,         0,       468,          3392,        52,    0.00000000
4000,        20,        0.0520,    1.17829268,    2.80000000,   32.55000000,    0.60000000,         0,       597,       697,          3403,        64,    0.00000000
4000,        20,        0.0520,    1.33582205,    4.55000000,   29.90000000,    0.55000000,         0,       881,       817,          3119,        68,    0.00000000
4000,        20,        0.0530,    1.14799680,    2.85000000,   22.15000000,    0.75000000,       655,         0,       468,          3345,        52,    0.00000000
4000,        20,        0.0530,    1.14876674,    2.75000000,   32.55000000,    0.65000000,         0,       291,       630,          3709,        60,    0.00000000
4000,        20,        0.0530,    1.18085058,    2.90000000,   31.45000000,    0.60000000,         0,       577,       697,          3423,        64,    0.00000000
4000,        20,        0.0530,    1.34756836,    4.80000000,   28.25000000,    0.55000000,         0,       862,       817,          3138,        68,    0.00000000
4000,        20,        0.0540,    1.14582924,    2.75000000,   29.05000000,    0.65000000,         0,       269,       630,          3731,        60,    0.00000000
4000,        20,        0.0540,    1.16108726,    3.10000000,   25.00000000,    0.75000000,       701,         0,       468,          3299,        52,    0.00000000
4000,        20,        0.0540,    1.16545687,    2.70000000,   35.40000000,    0.60000000,         0,       556,       697,          3444,        64,    0.00000000
4000,        20,        0.0540,    1.31257569,    4.40000000,   30.55000000,    0.55000000,         0,       843,       817,          3157,        68,    0.00000000
4000,        20,        0.0550,    1.14813136,    2.85000000,   28.75000000,    0.65000000,         0,       247,       630,          3753,        60,    0.00000000
4000,        20,        0.0550,    1.15841638,    3.05000000,   22.05000000,    0.75000000,       745,         0,       468,          3255,        52,    0.00000000
4000,        20,        0.0550,    1.17101300,    2.85000000,   36.10000000,    0.60000000,         0,       536,       697,          3464,        64,    0.00000000
4000,        20,        0.0550,    1.30958391,    4.45000000,   31.00000000,    0.55000000,         0,       825,       817,          3175,        68,    0.00000000
4000,        20,        0.0560,    1.14516734,    2.85000000,   29.65000000,    0.65000000,         0,       225,       630,          3775,        60,    0.00000000
4000,        20,        0.0560,    1.16072659,    3.45000000,   24.15000000,    0.70000000,       145,         0,       464,          3855,        56,    0.00000000
4000,        20,        0.0560,    1.16507492,    2.80000000,   34.40000000,    0.60000000,         0,       515,       697,          3485,        64,    0.00000000
4000,        20,        0.0560,    1.16704742,    2.45000000,   45.85000000,    0.55000000,         0,       806,       817,          3194,        68,    0.00000000
4000,        20,        0.0570,    1.13222077,    2.65000000,   30.95000000,    0.65000000,         0,       203,       630,          3797,        60,    0.00000000
4000,        20,        0.0570,    1.14450488,    3.10000000,   23.00000000,    0.70000000,       195,         0,       464,          3805,        56,    0.00000000
4000,        20,        0.0570,    1.17317819,    3.00000000,   32.30000000,    0.60000000,         0,       495,       697,          3505,        64,    0.00000000
4000,        20,        0.0570,    1.19079390,    2.85000000,   35.60000000,    0.55000000,         0,       787,       817,          3213,        68,    0.00000000
4000,        20,        0.0580,    1.14681981,    3.15000000,   22.45000000,    0.70000000,       243,         0,       464,          3757,        56,    0.00000000
4000,        20,        0.0580,    1.17294588,    3.05000000,   30.35000000,    0.60000000,         0,       474,       697,          3526,        64,    0.00000000
4000,        20,        0.0580,    1.17736482,    2.70000000,   46.20000000,    0.55000000,         0,       768,       817,          3232,        68,    0.00000000
4000,        20,        0.0590,    1.14928962,    3.20000000,   22.75000000,    0.70000000,       290,         0,       464,          3710,        56,    0.00000000
4000,        20,        0.0590,    1.16985542,    3.05000000,   31.05000000,    0.60000000,         0,       453,       697,          3547,        64,    0.00000000
4000,        20,        0.0590,    1.17404691,    2.70000000,   40.20000000,    0.55000000,         0,       749,       817,          3251,        68,    0.00000000
4000,        20,        0.0600,    1.15158449,    3.25000000,   19.75000000,    0.70000000,       335,         0,       464,          3665,        56,    0.00000000
4000,        20,        0.0600,    1.15547752,    2.45000000,   53.05000000,    0.55000000,         0,       729,       817,          3271,        68,    0.00000000
4000,        20,        0.0600,    1.40627509,    5.50000000,   34.50000000,    0.50000000,         0,      1027,       864,          2973,        72,    0.00000000
4000,        20,        0.0610,    1.15166091,    3.25000000,   21.65000000,    0.70000000,       379,         0,       464,          3621,        56,    0.00000000
4000,        20,        0.0610,    1.16108851,    3.00000000,   28.40000000,    0.60000000,         0,       411,       697,          3589,        64,    0.00000000
4000,        20,        0.0610,    1.16186927,    2.60000000,   39.60000000,    0.55000000,         0,       710,       817,          3290,        68,    0.00000000
4000,        20,        0.0610,    1.40291359,    5.55000000,   27.90000000,    0.50000000,         0,      1009,       864,          2991,        72,    0.00000000
4000,        20,        0.0620,    1.14451528,    3.10000000,   24.85000000,    0.70000000,       421,         0,       464,          3579,        56,    0.00000000
4000,        20,        0.0620,    1.15021711,    2.85000000,   35.05000000,    0.60000000,         0,       390,       697,          3610,        64,    0.00000000
4000,        20,        0.0620,    1.17716116,    2.90000000,   35.75000000,    0.55000000,         0,       691,       817,          3309,        68,    0.00000000
4000,        20,        0.0620,    1.40314558,    5.65000000,   30.90000000,    0.50000000,         0,       991,       864,          3009,        72,    0.00000000
4000,        20,        0.0630,    1.15144340,    3.25000000,   21.40000000,    0.70000000,       462,         0,       464,          3538,        56,    0.00000000
4000,        20,        0.0630,    1.15573038,    3.00000000,   33.10000000,    0.60000000,         0,       368,       697,          3632,        64,    0.00000000
4000,        20,        0.0630,    1.16830185,    2.80000000,   35.45000000,    0.55000000,         0,       671,       817,          3329,        68,    0.00000000
4000,        20,        0.0630,    1.45537213,    6.50000000,   24.40000000,    0.50000000,         0,       974,       864,          3026,        72,    0.00000000
4000,        20,        0.0640,    1.14909975,    3.20000000,   22.75000000,    0.70000000,       502,         0,       464,          3498,        56,    0.00000000
4000,        20,        0.0640,    1.15283847,    3.00000000,   33.05000000,    0.60000000,         0,       347,       697,          3653,        64,    0.00000000
4000,        20,        0.0640,    1.16263019,    2.75000000,   39.50000000,    0.55000000,         0,       651,       817,          3349,        68,    0.00000000
4000,        20,        0.0640,    1.38214152,    5.55000000,   28.15000000,    0.50000000,         0,       956,       864,          3044,        72,    0.00000000
4000,        20,        0.0650,    1.14542827,    2.90000000,   35.70000000,    0.60000000,         0,       325,       697,          3675,        64,    0.00000000
4000,        20,        0.0650,    1.15365562,    2.65000000,   46.20000000,    0.55000000,         0,       632,       817,          3368,        68,    0.00000000
4000,        20,        0.0650,    1.15379974,    3.30000000,   23.85000000,    0.70000000,       541,         0,       464,          3459,        56,    0.00000000
4000,        20,        0.0650,    1.35873772,    5.30000000,   28.10000000,    0.50000000,         0,       938,       864,          3062,        72,    0.00000000
4000,        20,        0.0660,    1.15253890,    3.10000000,   28.65000000,    0.60000000,         0,       304,       697,          3696,        64,    0.00000000
4000,        20,        0.0660,    1.15971843,    2.80000000,   41.60000000,    0.55000000,         0,       612,       817,          3388,        68,    0.00000000
4000,        20,        0.0660,    1.35935423,    5.40000000,   31.60000000,    0.50000000,         0,       920,       864,          3080,        72,    0.00000000
4000,        20,        0.0670,    1.14523750,    3.00000000,   31.20000000,    0.60000000,         0,       282,       697,          3718,        64,    0.00000000
4000,        20,        0.0670,    1.15425727,    2.75000000,   40.65000000,    0.55000000,         0,       592,       817,          3408,        68,    0.00000000
4000,        20,        0.0670,    1.34020858,    5.20000000,   28.95000000,    0.50000000,         0,       902,       864,          3098,        72,    0.00000000
4000,        20,        0.0680,    1.13571825,    2.85000000,   36.90000000,    0.60000000,         0,       260,       697,          3740,        64,    0.00000000
4000,        20,        0.0680,    1.15768339,    2.85000000,   39.70000000,    0.55000000,         0,       571,       817,          3429,        68,    0.00000000
4000,        20,        0.0680,    1.30918854,    4.80000000,   34.60000000,    0.50000000,         0,       883,       864,          3117,        72,    0.00000000
4000,        20,        0.0690,    1.14053049,    3.00000000,   28.65000000,    0.60000000,         0,       238,       697,          3762,        64,    0.00000000
4000,        20,        0.0690,    1.14957132,    2.75000000,   41.90000000,    0.55000000,         0,       551,       817,          3449,        68,    0.00000000
4000,        20,        0.0690,    1.33886830,    5.35000000,   28.25000000,    0.50000000,         0,       865,       864,          3135,        72,    0.00000000
4000,        20,        0.0700,    1.13630045,    2.95000000,   27.90000000,    0.60000000,         0,       215,       697,          3785,        64,    0.00000000
4000,        20,        0.0700,    1.14432994,    2.70000000,   44.25000000,    0.55000000,         0,       531,       817,          3469,        68,    0.00000000
4000,        20,        0.0700,    1.18392907,    2.95000000,   44.15000000,    0.50000000,         0,       846,       864,          3154,        72,    0.00000000
4000,        20,        0.0710,    1.12839969,    3.00000000,   26.75000000,    0.65000000,       212,         0,       630,          3788,        60,    0.00000000
4000,        20,        0.0710,    1.15017992,    2.85000000,   36.80000000,    0.55000000,         0,       510,       817,          3490,        68,    0.00000000
4000,        20,        0.0710,    1.18992375,    3.10000000,   31.90000000,    0.50000000,         0,       828,       864,          3172,        72,    0.00000000
4000,        20,        0.0720,    1.12211284,    2.85000000,   30.40000000,    0.65000000,       250,         0,       630,          3750,        60,    0.00000000
4000,        20,        0.0720,    1.13717959,    2.65000000,   40.90000000,    0.55000000,         0,       490,       817,          3510,        68,    0.00000000
4000,        20,        0.0720,    1.16591544,    2.75000000,   48.60000000,    0.50000000,         0,       809,       864,          3191,        72,    0.00000000
4000,        20,        0.0730,    1.12836622,    3.00000000,   28.20000000,    0.65000000,       286,         0,       630,          3714,        60,    0.00000000
4000,        20,        0.0730,    1.13771930,    2.70000000,   50.15000000,    0.55000000,         0,       469,       817,          3531,        68,    0.00000000
4000,        20,        0.0730,    1.18720625,    3.15000000,   39.65000000,    0.50000000,         0,       790,       864,          3210,        72,    0.00000000
4000,        20,        0.0740,    1.11989714,    2.80000000,   30.35000000,    0.65000000,       322,         0,       630,          3678,        60,    0.00000000
4000,        20,        0.0740,    1.14571958,    2.90000000,   36.35000000,    0.55000000,         0,       448,       817,          3552,        68,    0.00000000
4000,        20,        0.0740,    1.18434294,    3.15000000,   35.40000000,    0.50000000,         0,       771,       864,          3229,        72,    0.00000000
4000,        20,        0.0750,    1.12210522,    2.85000000,   30.95000000,    0.65000000,       357,         0,       630,          3643,        60,    0.00000000
4000,        20,        0.0750,    1.16996366,    2.95000000,   48.60000000,    0.50000000,         0,       752,       864,          3248,        72,    0.00000000
4000,        20,        0.0760,    1.12426662,    2.90000000,   29.95000000,    0.65000000,       391,         0,       630,          3609,        60,    0.00000000
4000,        20,        0.0760,    1.12666367,    2.60000000,   46.15000000,    0.55000000,         0,       406,       817,          3594,        68,    0.00000000
4000,        20,        0.0760,    1.16447412,    2.90000000,   47.20000000,    0.50000000,         0,       733,       864,          3267,        72,    0.00000000
4000,        20,        0.0770,    1.12208442,    2.85000000,   26.45000000,    0.65000000,       424,         0,       630,          3576,        60,    0.00000000
4000,        20,        0.0770,    1.13428402,    2.80000000,   41.15000000,    0.55000000,         0,       385,       817,          3615,        68,    0.00000000
4000,        20,        0.0770,    1.16468119,    2.95000000,   42.15000000,    0.50000000,         0,       714,       864,          3286,        72,    0.00000000
4000,        20,        0.0780,    1.12411867,    2.90000000,   27.25000000,    0.65000000,       456,         0,       630,          3544,        60,    0.00000000
4000,        20,        0.0780,    1.14398560,    3.05000000,   26.70000000,    0.55000000,         0,       364,       817,          3636,        68,    0.00000000
4000,        20,        0.0780,    1.16247733,    2.95000000,   39.25000000,    0.50000000,         0,       694,       864,          3306,        72,    0.00000000
4000,        20,        0.0790,    1.12853595,    3.00000000,   25.05000000,    0.65000000,       488,         0,       630,          3512,        60,    0.00000000
4000,        20,        0.0790,    1.13039889,    2.80000000,   41.60000000,    0.55000000,         0,       342,       817,          3658,        68,    0.00000000
4000,        20,        0.0790,    1.16258257,    3.00000000,   35.95000000,    0.50000000,         0,       675,       864,          3325,        72,    0.00000000
4000,        20,        0.0800,    1.12611652,    2.95000000,   29.55000000,    0.65000000,       518,         0,       630,          3482,        60,    0.00000000
4000,        20,        0.0800,    1.12863384,    2.80000000,   39.65000000,    0.55000000,         0,       320,       817,          3680,        68,    0.00000000
4000,        20,        0.0800,    1.16837315,    3.15000000,   38.00000000,    0.50000000,         0,       655,       864,          3345,        72,    0.00000000
4000,        20,        0.0810,    1.12876067,    2.85000000,   34.75000000,    0.55000000,         0,       299,       817,          3701,        68,    0.00000000
4000,        20,        0.0810,    1.15547158,    2.95000000,   44.30000000,    0.50000000,         0,       635,       864,          3365,        72,    0.00000000
4000,        20,        0.0820,    1.12248570,    2.75000000,   40.40000000,    0.55000000,         0,       277,       817,          3723,        68,    0.00000000
4000,        20,        0.0820,    1.15847284,    3.05000000,   39.40000000,    0.50000000,         0,       615,       864,          3385,        72,    0.00000000
4000,        20,        0.0830,    1.12732988,    2.90000000,   38.80000000,    0.55000000,         0,       255,       817,          3745,        68,    0.00000000
4000,        20,        0.0830,    1.15620319,    3.05000000,   39.60000000,    0.50000000,         0,       595,       864,          3405,        72,    0.00000000
4000,        20,        0.0840,    1.12981008,    3.00000000,   31.85000000,    0.55000000,         0,       233,       817,          3767,        68,    0.00000000
4000,        20,        0.0840,    1.15898920,    3.15000000,   36.75000000,    0.50000000,         0,       575,       864,          3425,        72,    0.00000000
4000,        20,        0.0850,    1.12394095,    2.90000000,   35.60000000,    0.55000000,         0,       210,       817,          3790,        68,    0.00000000
4000,        20,        0.0850,    1.15167573,    3.05000000,   41.90000000,    0.50000000,         0,       555,       864,          3445,        72,    0.00000000
4000,        20,        0.0860,    1.11391904,    2.85000000,   35.80000000,    0.60000000,       217,         0,       697,          3783,        64,    0.00000000
4000,        20,        0.0860,    1.15468065,    3.15000000,   34.55000000,    0.50000000,         0,       534,       864,          3466,        72,    0.00000000
4000,        20,        0.0870,    1.11786752,    2.95000000,   29.75000000,    0.60000000,       247,         0,       697,          3753,        64,    0.00000000
4000,        20,        0.0870,    1.15235525,    3.15000000,   43.45000000,    0.50000000,         0,       514,       864,          3486,        72,    0.00000000
4000,        20,        0.0880,    1.11770586,    2.95000000,   28.85000000,    0.60000000,       276,         0,       697,          3724,        64,    0.00000000
4000,        20,        0.0880,    1.15037291,    3.15000000,   35.15000000,    0.50000000,         0,       493,       864,          3507,        72,    0.00000000
4000,        20,        0.0890,    1.11972714,    3.00000000,   31.35000000,    0.60000000,       305,         0,       697,          3695,        64,    0.00000000
4000,        20,        0.0890,    1.15074141,    3.20000000,   36.10000000,    0.50000000,         0,       472,       864,          3528,        72,    0.00000000
4000,        20,        0.0900,    1.11993116,    3.00000000,   32.75000000,    0.60000000,       334,         0,       697,          3666,        64,    0.00000000
4000,        20,        0.0900,    1.14871785,    3.20000000,   31.60000000,    0.50000000,         0,       451,       864,          3549,        72,    0.00000000
4000,        20,        0.0910,    1.11370193,    2.85000000,   33.85000000,    0.60000000,       361,         0,       697,          3639,        64,    0.00000000
4000,        20,        0.0910,    1.14210588,    3.10000000,   37.00000000,    0.50000000,         0,       430,       864,          3570,        72,    0.00000000
4000,        20,        0.0920,    1.11994944,    3.00000000,   30.70000000,    0.60000000,       389,         0,       697,          3611,        64,    0.00000000
4000,        20,        0.0920,    1.14037678,    3.10526316,   36.21052632,    0.50000000,         0,       409,       864,          3591,        72,    0.05000000
4000,        20,        0.0930,    1.11774732,    2.95000000,   29.60000000,    0.60000000,       415,         0,       697,          3585,        64,    0.00000000
4000,        20,        0.0930,    1.14263413,    3.20000000,   34.45000000,    0.50000000,         0,       388,       864,          3612,        72,    0.00000000
4000,        20,        0.0940,    1.11770730,    2.95000000,   32.75000000,    0.60000000,       441,         0,       697,          3559,        64,    0.00000000
4000,        20,        0.0940,    1.14090232,    3.20000000,   40.30000000,    0.50000000,         0,       366,       864,          3634,        72,    0.00000000
4000,        20,        0.0950,    1.12782658,    3.20000000,   28.75000000,    0.60000000,       467,         0,       697,          3533,        64,    0.00000000
4000,        20,        0.0950,    1.14756523,    3.40000000,   31.40000000,    0.50000000,         0,       345,       864,          3655,        72,    0.00000000
4000,        20,        0.0960,    1.12853474,    3.00000000,   40.10000000,    0.50000000,         0,       323,       864,          3677,        72,    0.00000000
4000,        20,        0.0970,    1.13324429,    3.15000000,   36.25000000,    0.50000000,         0,       301,       864,          3699,        72,    0.00000000
4000,        20,        0.0980,    1.13987156,    3.35000000,   35.00000000,    0.50000000,         0,       279,       864,          3721,        72,    0.00000000
4000,        20,        0.0990,    1.13003213,    3.15000000,   35.75000000,    0.50000000,         0,       256,       864,          3744,        72,    0.00000000
4000,        20,        0.1000,    1.13031238,    3.20000000,   34.15000000,    0.50000000,         0,       234,       864,          3766,        72,    0.00000000
4000,        20,        0.1010,    1.10934808,    2.90000000,   31.05000000,    0.55000000,       187,         0,       817,          3813,        68,    0.00000000
4000,        20,        0.1020,    1.10550145,    2.80000000,   40.80000000,    0.55000000,       212,         0,       817,          3788,        68,    0.00000000
4000,        20,        0.1030,    1.10745340,    2.85000000,   34.95000000,    0.55000000,       237,         0,       817,          3763,        68,    0.00000000
4000,        20,        0.1040,    1.11142687,    2.95000000,   32.35000000,    0.55000000,       262,         0,       817,          3738,        68,    0.00000000
4000,        20,        0.1050,    1.10737976,    2.85000000,   34.85000000,    0.55000000,       285,         0,       817,          3715,        68,    0.00000000
4000,        20,        0.1060,    1.10942164,    2.90000000,   32.65000000,    0.55000000,       309,         0,       817,          3691,        68,    0.00000000
4000,        20,        0.1070,    1.09806657,    2.60000000,   44.80000000,    0.55000000,       332,         0,       817,          3668,        68,    0.00000000
4000,        20,        0.1080,    1.10571830,    2.80000000,   41.25000000,    0.55000000,       355,         0,       817,          3645,        68,    0.00000000
4000,        20,        0.1090,    1.10940721,    2.90000000,   35.70000000,    0.55000000,       377,         0,       817,          3623,        68,    0.00000000
4000,        20,        0.1100,    1.10943391,    2.90000000,   32.70000000,    0.55000000,       399,         0,       817,          3601,        68,    0.00000000