code_n, n_tries,          qber,        f_mean,  c_iters_mean,  n_iters_mean,             R,       s_n,       p_n,   p_n_max,           k_n,   discl_n,           FER 
1944,        20,        0.0270,    1.28459010,    4.20000000,    6.65000000,    0.83330000,       134,         0,       152,          1810,        22,    0.00000000
1944,        20,        0.0470,    1.15681190,    3.05000000,   17.25000000,    0.75000000,       167,         0,       227,          1777,        25,    0.00000000
1944,        20,        0.0100,    1.74031240,    3.80000000,   20.60000000,    0.75000000,         0,       358,       227,          1586,        25,    0.00000000
1944,        20,        0.0280,    1.24420520,    3.60000000,    5.90000000,    0.83330000,       185,         0,       152,          1759,        22,    0.00000000
1944,        20,        0.0300,    1.35047781,    3.80000000,   23.85000000,    0.66670000,         0,       336,       302,          1608,        29,    0.00000000
1944,        20,        0.0480,    1.18465074,    3.60000000,   13.30000000,    0.75000000,       194,         0,       227,          1750,        25,    0.00000000
1944,        20,        0.0700,    1.17999618,    2.90000000,   30.70000000,    0.50000000,         0,       412,       439,          1532,        35,    0.00000000
1944,        20,        0.0290,    1.25756345,    3.80000000,    7.25000000,    0.83330000,       232,         0,       152,          1712,        22,    0.00000000
1944,        20,        0.0300,    1.23352415,    3.45000000,    7.50000000,    0.83330000,       276,         0,       152,          1668,        22,    0.00000000
1944,        20,        0.0110,    1.68636764,    3.85000000,   22.95000000,    0.75000000,         0,       347,       227,          1597,        25,    0.00000000
1944,        20,        0.0490,    1.17975848,    3.50000000,   13.95000000,    0.75000000,       221,         0,       227,          1723,        25,    0.00000000
1944,        20,        0.0310,    1.34403126,    3.85000000,   21.50000000,    0.66670000,         0,       326,       302,          1618,        29,    0.00000000
1944,        20,        0.0310,    1.24389354,    3.60000000,    6.30000000,    0.83330000,       318,         0,       152,          1626,        22,    0.00000000
1944,        20,        0.0710,    1.13715751,    2.25000000,   32.35000000,    0.50000000,         0,       403,       439,          1541,        35,    0.00000000
1944,        20,        0.0500,    1.16971545,    3.30000000,   13.15000000,    0.75000000,       247,         0,       227,          1697,        25,    0.00000000
1944,        20,        0.0120,    1.59985539,    3.65000000,   19.40000000,    0.75000000,         0,       336,       227,          1608,        25,    0.00000000
1944,        20,        0.0320,    1.23345706,    3.45000000,    8.35000000,    0.83330000,       357,         0,       152,          1587,        22,    0.00000000
1944,        20,        0.0510,    1.18978171,    3.70000000,   13.30000000,    0.75000000,       271,         0,       227,          1673,        25,    0.00000000
1944,        20,        0.0330,    1.24772172,    3.65000000,    5.35000000,    0.83330000,       395,         0,       152,          1549,        22,    0.00000000
1944,        20,        0.0320,    1.28121837,    3.25000000,   23.70000000,    0.66670000,         0,       316,       302,          1628,        29,    0.00000000
1944,        20,        0.0720,    1.16612313,    2.75000000,   30.80000000,    0.50000000,         0,       393,       439,          1551,        35,    0.00000000
1944,        20,        0.0340,    1.24424660,    3.60000000,    8.65000000,    0.83330000,       430,         0,       152,          1514,        22,    0.00000000
1944,        20,        0.0130,    1.55427987,    3.60000000,   22.45000000,    0.75000000,         0,       324,       227,          1620,        25,    0.00000000
1944,        20,        0.0520,    1.18217698,    3.55000000,   13.60000000,    0.75000000,       295,         0,       227,          1649,        25,    0.00000000
1944,        20,        0.0350,    1.27118538,    4.00000000,    6.60000000,    0.83330000,       463,         0,       152,          1481,        22,    0.00000000
1944,        20,        0.0330,    1.24739212,    2.95000000,   25.55000000,    0.66670000,         0,       306,       302,          1638,        29,    0.00000000
1944,        20,        0.0530,    1.19244807,    3.75000000,   11.40000000,    0.75000000,       318,         0,       227,          1626,        25,    0.00000000
1944,        20,        0.0360,    1.28088155,    4.15000000,    6.65000000,    0.83330000,       494,         0,       152,          1450,        22,    0.00000000
1944,        20,        0.0140,    1.47404645,    3.30000000,   24.00000000,    0.75000000,         0,       313,       227,          1631,        25,    0.00000000
1944,        20,        0.0730,    1.16338938,    2.75000000,   28.25000000,    0.50000000,         0,       384,       439,          1560,        35,    0.00000000
1944,        20,        0.0340,    1.22161842,    2.70000000,   19.50000000,    0.66670000,         0,       295,       302,          1649,        29,    0.00000000
1944,        20,        0.0370,    1.20965995,    3.10000000,    7.65000000,    0.83330000,       524,         0,       152,          1420,        22,    0.00000000
1944,        20,        0.0540,    1.18970462,    3.70000000,   14.45000000,    0.75000000,       340,         0,       227,          1604,        25,    0.00000000
1944,        20,        0.0150,    1.47157434,    3.50000000,   17.35000000,    0.75000000,         0,       302,       227,          1642,        25,    0.00000000
1944,        20,        0.0380,    1.25079050,    3.70000000,    7.45000000,    0.83330000,       553,         0,       152,          1391,        22,    0.00000000
1944,        20,        0.0550,    1.19008791,    3.70000000,   13.05000000,    0.75000000,       362,         0,       227,          1582,        25,    0.00000000
1944,        20,        0.0350,    1.23110123,    2.90000000,   19.40000000,    0.66670000,         0,       285,       302,          1659,        29,    0.00000000
1944,        20,        0.0390,    1.21331436,    3.15000000,    7.80000000,    0.83330000,       580,         0,       152,          1364,        22,    0.00000000
1944,        20,        0.0740,    1.15188547,    2.60000000,   33.30000000,    0.50000000,         0,       375,       439,          1569,        35,    0.00000000
1944,        20,        0.0160,    1.48237076,    3.80000000,   18.35000000,    0.75000000,         0,       291,       227,          1653,        25,    0.00000000
1944,        20,        0.0400,    1.25410601,    3.75000000,    7.50000000,    0.83330000,       606,         0,       152,          1338,        22,    0.00000000
1944,        20,        0.0560,    1.19797414,    3.85000000,   11.25000000,    0.75000000,       383,         0,       227,          1561,        25,    0.00000000
1944,        20,        0.0360,    1.24775699,    3.20000000,   16.95000000,    0.66670000,         0,       275,       302,          1669,        29,    0.00000000
1944,        20,        0.0410,    1.27131356,    4.00000000,    6.95000000,    0.83330000,       631,         0,       152,          1313,        22,    0.00000000
1944,        20,        0.0570,    1.19789537,    3.85000000,   13.10000000,    0.75000000,       403,         0,       227,          1541,        25,    0.00000000
1944,        20,        0.0170,    1.43169436,    3.60000000,   21.25000000,    0.75000000,         0,       280,       227,          1664,        25,    0.00000000
1944,        20,        0.0420,    1.23674466,    3.50000000,    7.45000000,    0.83330000,       654,         0,       152,          1290,        22,    0.00000000
1944,        20,        0.0750,    1.18395178,    3.20000000,   28.75000000,    0.50000000,         0,       366,       439,          1578,        35,    0.00000000
1944,        20,        0.0580,    1.17696315,    3.45000000,   12.30000000,    0.75000000,       422,         0,       227,          1522,        25,    0.00000000
1944,        20,        0.0370,    1.22184886,    2.95000000,   20.65000000,    0.66670000,         0,       265,       302,          1679,        29,    0.00000000
1944,        20,        0.0430,    1.21333098,    3.15000000,   10.05000000,    0.83330000,       677,         0,       152,          1267,        22,    0.00000000
1944,        20,        0.0180,    1.39202201,    3.45000000,   17.05000000,    0.75000000,         0,       269,       227,          1675,        25,    0.00000000
1944,        20,        0.0440,    1.22719917,    3.35000000,    7.25000000,    0.83330000,       699,         0,       152,          1245,        22,    0.00000000
1944,        20,        0.0590,    1.17964298,    3.50000000,   14.00000000,    0.75000000,       441,         0,       227,          1503,        25,    0.00000000
1944,        20,        0.0380,    1.23035403,    3.15000000,   16.15000000,    0.66670000,         0,       255,       302,          1689,        29,    0.00000000
1944,        20,        0.0760,    1.17608676,    3.10000000,   31.65000000,    0.50000000,         0,       356,       439,          1588,        35,    0.00000000
1944,        20,        0.0450,    1.26133789,    3.85000000,    6.65000000,    0.83330000,       720,         0,       152,          1224,        22,    0.00000000
1944,        20,        0.0190,    1.42529706,    3.90000000,   20.55000000,    0.75000000,         0,       257,       227,          1687,        25,    0.00000000
1944,        20,        0.0600,    1.13828999,    2.70000000,   14.40000000,    0.75000000,       459,         0,       227,          1485,        25,    0.00000000
1944,        20,        0.0460,    1.25693353,    3.80000000,    8.55000000,    0.83330000,       739,         0,       152,          1205,        22,    0.00000000
1944,        20,        0.0390,    1.16832502,    2.35000000,   19.05000000,    0.66670000,         0,       244,       302,          1700,        29,    0.00000000
1944,        20,        0.0470,    1.23402550,    3.45000000,    8.60000000,    0.83330000,       759,         0,       152,          1185,        22,    0.00000000
1944,        20,        0.0610,    1.16678141,    3.25000000,   13.00000000,    0.75000000,       477,         0,       227,          1467,        25,    0.00000000
1944,        20,        0.0200,    1.41568724,    4.00000000,   15.40000000,    0.75000000,         0,       246,       227,          1698,        25,    0.00000000
1944,        20,        0.0770,    1.17032012,    3.05000000,   35.50000000,    0.50000000,         0,       347,       439,          1597,        35,    0.00000000
1944,        20,        0.0480,    1.24372784,    3.60000000,    7.40000000,    0.83330000,       777,         0,       152,          1167,        22,    0.00000000
1944,        20,        0.0400,    1.23005319,    3.30000000,   19.70000000,    0.66670000,         0,       234,       302,          1710,        29,    0.00000000
1944,        20,        0.0620,    1.16404948,    3.20000000,   13.00000000,    0.75000000,       494,         0,       227,          1450,        25,    0.00000000
1944,        20,        0.0490,    1.21683920,    3.20000000,    7.80000000,    0.83330000,       795,         0,       152,          1149,        22,    0.00000000
1944,        20,        0.0210,    1.31240892,    3.15000000,   15.95000000,    0.75000000,         0,       235,       227,          1709,        25,    0.00000000
1944,        20,        0.0630,    1.17457918,    3.40000000,   11.05000000,    0.75000000,       511,         0,       227,          1433,        25,    0.00000000
1944,        20,        0.0500,    1.22351370,    3.30000000,    8.60000000,    0.83330000,       812,         0,       152,          1132,        22,    0.00000000
1944,        20,        0.0410,    1.18968250,    2.80000000,   19.10000000,    0.66670000,         0,       224,       302,          1720,        29,    0.00000000
1944,        20,        0.0780,    1.16466237,    3.00000000,   34.20000000,    0.50000000,         0,       338,       439,          1606,        35,    0.00000000
1944,        20,        0.0220,    1.22738203,    2.40000000,   16.60000000,    0.75000000,         0,       224,       227,          1720,        25,    0.00000000
1944,        20,        0.0640,    1.18982695,    3.70000000,   12.95000000,    0.75000000,       527,         0,       227,          1417,        25,    0.00000000
1944,        20,        0.0420,    1.24941194,    3.75000000,   20.05000000,    0.66670000,         0,       213,       302,          1731,        29,    0.00000000
1944,        20,        0.0230,    1.26351488,    2.90000000,   15.40000000,    0.75000000,         0,       213,       227,          1731,        25,    0.00000000
1944,        20,        0.0650,    1.17460520,    3.40000000,   13.35000000,    0.75000000,       543,         0,       227,          1401,        25,    0.00000000
1944,        20,        0.0790,    1.16266147,    3.00000000,   28.25000000,    0.50000000,         0,       328,       439,          1616,        35,    0.00000000
1944,        20,        0.0430,    1.19078926,    2.95000000,   14.75000000,    0.66670000,         0,       203,       302,          1741,        29,    0.00000000
1944,        20,        0.0240,    1.28800794,    3.30000000,   14.35000000,    0.75000000,         0,       202,       227,          1742,        25,    0.00000000
1944,        20,        0.0660,    1.16662685,    3.25000000,   14.40000000,    0.75000000,       558,         0,       227,          1386,        25,    0.00000000
1944,        20,        0.0250,    1.20914848,    2.50000000,   17.25000000,    0.75000000,         0,       191,       227,          1753,        25,    0.00000000
1944,        20,        0.0440,    1.18398452,    2.90000000,   17.60000000,    0.66670000,         0,       192,       302,          1752,        29,    0.00000000
1944,        20,        0.0670,    1.17699968,    3.45000000,   14.00000000,    0.75000000,       573,         0,       227,          1371,        25,    0.00000000
1944,        20,        0.0800,    1.15983509,    3.00000000,   30.65000000,    0.50000000,         0,       319,       439,          1625,        35,    0.00000000
1944,        20,        0.0680,    1.14657856,    2.85000000,   14.60000000,    0.75000000,       588,         0,       227,          1356,        25,    0.00000000
1944,        20,        0.0260,    1.25819048,    3.20000000,   15.25000000,    0.75000000,         0,       180,       227,          1764,        25,    0.00000000
1944,        20,        0.0450,    1.21632530,    3.50000000,   18.30000000,    0.66670000,         0,       182,       302,          1762,        29,    0.00000000
4000,        20,        0.0110,    1.26554365,    2.30000000,    6.85000000,    0.90000000,         0,        56,       192,          3944,        40,    0.00000000
1944,        20,        0.0690,    1.15421050,    3.00000000,   13.35000000,    0.75000000,       602,         0,       227,          1342,        25,    0.00000000
1944,        20,        0.0270,    1.29043176,    3.70000000,   12.05000000,    0.75000000,         0,       168,       227,          1776,        25,    0.00000000
4000,        20,        0.0050,    2.61436746,    5.95000000,   12.10000000,    0.85000000,         0,       439,       266,          3561,        44,    0.00000000
1944,        20,        0.0460,    1.17564857,    2.90000000,   21.25000000,    0.66670000,         0,       171,       302,          1773,        29,    0.00000000
4000,        20,        0.0210,    1.22897275,    3.05000000,   11.40000000,    0.85000000,         0,        14,       266,          3986,        44,    0.00000000
1944,        20,        0.0700,    1.16643097,    3.25000000,   12.95000000,    0.75000000,       615,         0,       227,          1329,        25,    0.00000000
1944,        20,        0.0280,    1.26870146,    3.55000000,   11.30000000,    0.75000000,         0,       157,       227,          1787,        25,    0.00000000
4000,        20,        0.0310,    1.17680785,    2.95000000,   19.60000000,    0.80000000,         0,         4,       373,          3996,        48,    0.00000000
4000,        20,        0.0120,    1.26179287,    2.45000000,    7.25000000,    0.90000000,         0,        28,       192,          3972,        40,    0.00000000
4000,        20,        0.0100,    1.94637405,    5.55000000,   20.40000000,    0.80000000,         0,       519,       373,          3481,        48,    0.00000000
1944,        20,        0.0470,    1.20501446,    3.45000000,   16.95000000,    0.66670000,         0,       160,       302,          1784,        29,    0.00000000
4000,        20,        0.0250,    1.22130653,    2.60000000,   24.60000000,    0.75000000,         0,       392,       468,          3608,        52,    0.00000000
4000,        20,        0.0060,    2.23471661,    5.35000000,   14.25000000,    0.85000000,         0,       411,       266,          3589,        44,    0.00000000
1944,        20,        0.0480,    1.17643099,    3.05000000,   18.55000000,    0.66670000,         0,       150,       302,          1794,        29,    0.00000000
4000,        20,        0.0130,    1.27491058,    2.75000000,    9.55000000,    0.90000000,         3,         0,       192,          3997,        40,    0.00000000
4000,        20,        0.0220,    1.26757686,    3.65000000,   11.40000000,    0.85000000,        66,         0,       266,          3934,        44,    0.00000000
4000,        20,        0.0320,    1.18879878,    3.15000000,   19.20000000,    0.80000000,        84,         0,       373,          3916,        48,    0.00000000
4000,        20,        0.0110,    1.73580368,    4.70000000,   20.05000000,    0.80000000,         0,       494,       373,          3506,        48,    0.00000000
4000,        20,        0.0140,    1.31495338,    3.15000000,    6.15000000,    0.90000000,       236,         0,       192,          3764,        40,    0.00000000
4000,        20,        0.0070,    1.95732730,    4.75000000,   15.15000000,    0.85000000,         0,       383,       266,          3617,        44,    0.00000000
4000,        20,        0.0230,    1.28940339,    3.95000000,   12.65000000,    0.85000000,       201,         0,       266,          3799,        44,    0.00000000
4000,        20,        0.0260,    1.25037005,    3.05000000,   21.80000000,    0.75000000,         0,       369,       468,          3631,        52,    0.00000000
4000,        20,        0.0150,    1.28498674,    2.85000000,    8.65000000,    0.90000000,       440,         0,       192,          3560,        40,    0.00000000
4000,        20,        0.0330,    1.19491171,    3.25000000,   12.50000000,    0.80000000,       176,         0,       373,          3824,        48,    0.00000000
4000,        20,        0.0120,    1.69540766,    4.80000000,   19.05000000,    0.80000000,         0,       469,       373,          3531,        48,    0.00000000
4000,        20,        0.0160,    1.30492484,    3.05000000,    8.10000000,    0.90000000,       620,         0,       192,          3380,        40,    0.00000000
4000,        20,        0.0080,    1.70025181,    3.90000000,   18.00000000,    0.85000000,         0,       355,       266,          3645,        44,    0.00000000
4000,        20,        0.0240,    1.23439608,    3.20000000,   10.70000000,    0.85000000,       326,         0,       266,          3674,        44,    0.00000000
4000,        20,        0.0170,    1.27475354,    2.75000000,    7.30000000,    0.90000000,       780,         0,       192,          3220,        40,    0.00000000
4000,        20,        0.0270,    1.19787738,    2.50000000,   26.60000000,    0.75000000,         0,       346,       468,          3654,        52,    0.00000000
4000,        20,        0.0340,    1.17071076,    2.85000000,   13.80000000,    0.80000000,       262,         0,       373,          3738,        48,    0.00000000
4000,        20,        0.0130,    1.63185334,    4.70000000,   18.35000000,    0.80000000,         0,       445,       373,          3555,        48,    0.00000000
4000,        20,        0.0250,    1.23080390,    3.15000000,   13.60000000,    0.85000000,       442,         0,       266,          3558,        44,    0.00000000
4000,        20,        0.0090,    1.57396065,    3.55000000,   18.35000000,    0.85000000,         0,       328,       266,          3672,        44,    0.00000000
4000,        20,        0.0180,    1.29980174,    3.00000000,    8.00000000,    0.90000000,       924,         0,       192,          3076,        40,    0.05000000
4000,        20,        0.0190,    1.27989548,    2.80000000,    8.25000000,    0.90000000,      1054,         0,       192,          2946,        40,    0.00000000
4000,        20,        0.0260,    1.21263826,    2.90000000,   11.90000000,    0.85000000,       550,         0,       266,          3450,        44,    0.00000000
4000,        20,        0.0350,    1.20067436,    3.35000000,   16.00000000,    0.80000000,       344,         0,       373,          3656,        48,    0.00000000
4000,        20,        0.0100,    1.54230795,    3.70000000,   16.15000000,    0.85000000,         0,       302,       266,          3698,        44,    0.00000000
4000,        20,        0.0280,    1.19493534,    2.55000000,   24.45000000,    0.75000000,         0,       323,       468,          3677,        52,    0.00000000
4000,        20,        0.0140,    1.52867653,    4.20000000,   17.85000000,    0.80000000,         0,       420,       373,          3580,        48,    0.00000000
4000,        20,        0.0200,    1.33454861,    3.35000000,    8.85000000,    0.90000000,      1171,         0,       192,          2829,        40,    0.00000000
4000,        20,        0.0270,    1.26758286,    3.65000000,   10.50000000,    0.85000000,       650,         0,       266,          3350,        44,    0.00000000
4000,        20,        0.0360,    1.17672071,    2.95000000,   17.35000000,    0.80000000,       422,         0,       373,          3578,        48,    0.00000000
4000,        20,        0.0210,    1.25487829,    2.55000000,   10.95000000,    0.90000000,      1279,         0,       192,          2721,        40,    0.00000000
4000,        20,        0.0150,    1.50940467,    4.30000000,   19.55000000,    0.80000000,         0,       395,       373,          3605,        48,    0.00000000
4000,        20,        0.0290,    1.18840682,    2.55000000,   23.30000000,    0.75000000,         0,       300,       468,          3700,        52,    0.00000000
4000,        20,        0.0280,    1.19772701,    2.70000000,   13.65000000,    0.85000000,       743,         0,       266,          3257,        44,    0.00000000
4000,        20,        0.0220,    1.30974073,    3.10000000,    9.85000000,    0.90000000,      1377,         0,       192,          2623,        40,    0.00000000
4000,        20,        0.0370,    1.17672414,    2.95000000,   18.85000000,    0.80000000,       496,         0,       373,          3504,        48,    0.00000000
4000,        20,        0.0230,    1.26457533,    2.65000000,    9.35000000,    0.90000000,      1467,         0,       192,          2533,        40,    0.00000000
4000,        20,        0.0160,    1.25031377,    2.25000000,   16.60000000,    0.80000000,         0,       371,       373,          3629,        48,    0.00000000
4000,        20,        0.0290,    1.23088511,    3.15000000,   13.30000000,    0.85000000,       831,         0,       266,          3169,        44,    0.00000000
4000,        20,        0.0300,    1.20377899,    2.85000000,   19.35000000,    0.75000000,         0,       277,       468,          3723,        52,    0.00000000
4000,        20,        0.0240,    1.23989698,    2.40000000,    9.55000000,    0.90000000,      1551,         0,       192,          2449,        40,    0.00000000
4000,        20,        0.0380,    1.19193065,    3.20000000,   18.75000000,    0.80000000,       567,         0,       373,          3433,        48,    0.00000000
4000,        20,        0.0300,    1.22348790,    3.05000000,   12.40000000,    0.85000000,       913,         0,       266,          3087,        44,    0.00000000
4000,        20,        0.0170,    1.23259694,    2.20000000,   19.65000000,    0.80000000,         0,       346,       373,          3654,        48,    0.00000000
4000,        20,        0.0250,    1.25979928,    2.60000000,    7.70000000,    0.90000000,      1628,         0,       192,          2372,        40,    0.00000000
4000,        20,        0.0390,    1.17391374,    2.90000000,   23.05000000,    0.80000000,       634,         0,       373,          3366,        48,    0.00000000
4000,        20,        0.0460,    1.16358682,    3.15000000,   21.20000000,    0.75000000,       284,         0,       468,          3716,        52,    0.00000000
4000,        20,        0.0560,    1.15139545,    3.25000000,   23.05000000,    0.70000000,       145,         0,       464,          3855,        56,    0.00000000
4000,        20,        0.0350,    1.16717564,    2.35000000,   33.35000000,    0.70000000,         0,       416,       464,          3584,        56,    0.00000000
4000,        20,        0.0260,    1.28496990,    2.85000000,    7.80000000,    0.90000000,      1700,         0,       192,          2300,        40,    0.00000000
4000,        20,        0.0310,    1.28203276,    3.85000000,   13.45000000,    0.85000000,       990,         0,       266,          3010,        44,    0.00000000
4000,        20,        0.0710,    1.12625716,    2.95000000,   24.25000000,    0.65000000,       212,         0,       630,          3788,        60,    0.00000000
4000,        20,        0.0460,    1.18133993,    2.90000000,   28.20000000,    0.65000000,         0,       443,       630,          3557,        60,    0.00000000
4000,        20,        0.0180,    1.28523409,    2.85000000,   14.75000000,    0.80000000,         0,       322,       373,          3678,        48,    0.00000000
4000,        20,        0.0270,    1.28453161,    2.85000000,   10.50000000,    0.90000000,      1766,         0,       192,          2234,        40,    0.00000000
4000,        20,        0.0400,    1.18292783,    3.05000000,   22.05000000,    0.80000000,       698,         0,       373,          3302,        48,    0.00000000
4000,        20,        0.0320,    1.24545586,    3.35000000,   11.00000000,    0.85000000,      1063,         0,       266,          2937,        44,    0.00000000
4000,        20,        0.0280,    1.22490890,    2.25000000,   10.45000000,    0.90000000,      1829,         0,       192,          2171,        40,    0.00000000
4000,        20,        0.0470,    1.16352068,    3.15000000,   17.50000000,    0.75000000,       343,         0,       468,          3657,        52,    0.00000000
4000,        20,        0.0570,    1.11650884,    2.50000000,   29.65000000,    0.70000000,       195,         0,       464,          3805,        56,    0.00000000
4000,        20,        0.0360,    1.23553565,    3.40000000,   24.75000000,    0.70000000,         0,       394,       464,          3606,        56,    0.00000000
4000,        20,        0.0190,    1.26121792,    2.75000000,   22.45000000,    0.80000000,         0,       298,       373,          3702,        48,    0.00000000
4000,        20,        0.0290,    1.25968365,    2.60000000,    9.30000000,    0.90000000,      1887,         0,       192,          2113,        40,    0.00000000
4000,        20,        0.0470,    1.16182533,    2.65000000,   28.65000000,    0.65000000,         0,       422,       630,          3578,        60,    0.00000000
4000,        20,        0.0330,    1.27123941,    3.70000000,   11.20000000,    0.85000000,      1132,         0,       266,          2868,        44,    0.00000000
4000,        20,        0.0720,    1.13496964,    3.15000000,   28.45000000,    0.65000000,       250,         0,       630,          3750,        60,    0.00000000
4000,        20,        0.0300,    1.23981885,    2.40000000,   10.10000000,    0.90000000,      1942,         0,       192,          2058,        40,    0.00000000
4000,        20,        0.0480,    1.14794462,    2.85000000,   24.05000000,    0.75000000,       400,         0,       468,          3600,        52,    0.00000000
4000,        20,        0.0580,    1.13748794,    2.95000000,   22.85000000,    0.70000000,       243,         0,       464,          3757,        56,    0.00000000
4000,        20,        0.0370,    1.18526789,    2.75000000,   27.35000000,    0.70000000,         0,       372,       464,          3628,        56,    0.00000000
4000,        20,        0.0200,    1.21825161,    2.40000000,   18.10000000,    0.80000000,         0,       273,       373,          3727,        48,    0.00000000
4000,        20,        0.0340,    1.25658037,    3.50000000,   13.95000000,    0.85000000,      1197,         0,       266,          2803,        44,    0.00000000
4000,        20,        0.0480,    1.13474756,    2.25000000,   35.80000000,    0.65000000,         0,       400,       630,          3600,        60,    0.00000000
4000,        20,        0.0490,    1.14541200,    2.80000000,   18.30000000,    0.75000000,       455,         0,       468,          3545,        52,    0.00000000
4000,        20,        0.0590,    1.16328909,    3.50000000,   20.35000000,    0.70000000,       290,         0,       464,          3710,        56,    0.00000000
4000,        20,        0.0730,    1.14336349,    3.35000000,   25.35000000,    0.65000000,       286,         0,       630,          3714,        60,    0.00000000
4000,        20,        0.0350,    1.22700056,    3.10000000,   13.95000000,    0.85000000,      1258,         0,       266,          2742,        44,    0.00000000
4000,        20,        0.0380,    1.19019417,    2.90000000,   23.65000000,    0.70000000,         0,       350,       464,          3650,        56,    0.00000000
4000,        20,        0.0500,    1.15328678,    2.95000000,   20.30000000,    0.75000000,       508,         0,       468,          3492,        52,    0.00000000
4000,        20,        0.0600,    1.15625083,    3.35000000,   24.45000000,    0.70000000,       335,         0,       464,          3665,        56,    0.00000000
4000,        20,        0.0490,    1.16678999,    2.85000000,   33.40000000,    0.65000000,         0,       379,       630,          3621,        60,    0.00000000
4000,        20,        0.0390,    1.18598568,    2.90000000,   25.15000000,    0.70000000,         0,       327,       464,          3673,        56,    0.00000000
4000,        20,        0.0740,    1.10489852,    2.45000000,   27.10000000,    0.65000000,       322,         0,       630,          3678,        60,    0.00000000
4000,        20,        0.0510,    1.16113368,    3.10000000,   20.65000000,    0.75000000,       559,         0,       468,          3441,        52,    0.00000000
4000,        20,        0.0610,    1.13999430,    3.00000000,   23.30000000,    0.70000000,       379,         0,       464,          3621,        56,    0.00000000
4000,        20,        0.0400,    1.16233139,    2.60000000,   29.25000000,    0.70000000,         0,       305,       464,          3695,        56,    0.00000000
4000,        20,        0.0500,    1.14631403,    2.55000000,   31.40000000,    0.65000000,         0,       357,       630,          3643,        60,    0.00000000
4000,        20,        0.0750,    1.11996244,    2.80000000,   34.35000000,    0.65000000,       357,         0,       630,          3643,        60,    0.00000000
4000,        20,        0.0520,    1.12731779,    2.45000000,   23.90000000,    0.75000000,       608,         0,       468,          3392,        52,    0.00000000
4000,        20,        0.0620,    1.16084645,    3.45000000,   20.10000000,    0.70000000,       421,         0,       464,          3579,        56,    0.00000000
4000,        20,        0.0410,    1.18246710,    3.00000000,   22.90000000,    0.70000000,         0,       283,       464,          3717,        56,    0.00000000
4000,        20,        0.0510,    1.14912509,    2.65000000,   27.60000000,    0.65000000,         0,       335,       630,          3665,        60,    0.00000000
4000,        20,        0.0630,    1.15377628,    3.30000000,   26.05000000,    0.70000000,       462,         0,       464,          3538,        56,    0.00000000
4000,        20,        0.0530,    1.16619358,    3.20000000,   20.50000000,    0.75000000,       655,         0,       468,          3345,        52,    0.00000000
4000,        20,        0.0760,    1.11569534,    2.70000000,   30.05000000,    0.65000000,       391,         0,       630,          3609,        60,    0.00000000
4000,        20,        0.0420,    1.16954877,    2.85000000,   24.95000000,    0.70000000,         0,       260,       464,          3740,        56,    0.00000000
4000,        20,        0.0540,    1.14548878,    2.80000000,   22.00000000,    0.75000000,       701,         0,       468,          3299,        52,    0.00000000
4000,        20,        0.0520,    1.17106079,    3.10000000,   25.50000000,    0.65000000,         0,       313,       630,          3687,        60,    0.00000000
4000,        20,        0.0640,    1.15843119,    3.40000000,   24.60000000,    0.70000000,       502,         0,       464,          3498,        56,    0.00000000
4000,        20,        0.0430,    1.17387015,    3.00000000,   26.25000000,    0.70000000,         0,       238,       464,          3762,        56,    0.00000000
4000,        20,        0.0770,    1.10708520,    2.50000000,   29.10000000,    0.65000000,       424,         0,       630,          3576,        60,    0.00000000
4000,        20,        0.0550,    1.17401391,    3.35000000,   23.85000000,    0.75000000,       745,         0,       468,          3255,        52,    0.00000000
4000,        20,        0.0650,    1.14213510,    3.05000000,   20.20000000,    0.70000000,       541,         0,       464,          3459,        56,    0.00000000
4000,        20,        0.0440,    1.16157141,    2.85000000,   23.95000000,    0.70000000,         0,       215,       464,          3785,        56,    0.00000000
4000,        20,        0.0530,    1.15147184,    2.80000000,   33.25000000,    0.65000000,         0,       291,       630,          3709,        60,    0.00000000
4000,        20,        0.0780,    1.12197614,    2.85000000,   32.15000000,    0.65000000,       456,         0,       630,          3544,        60,    0.00000000
4000,        20,        0.0450,    1.15252023,    2.75000000,   23.45000000,    0.70000000,         0,       192,       464,          3808,        56,    0.00000000
4000,        20,        0.0540,    1.14848162,    2.80000000,   33.20000000,    0.65000000,         0,       269,       630,          3731,        60,    0.00000000
4000,        20,        0.0790,    1.13496432,    3.15000000,   28.55000000,    0.65000000,       488,         0,       630,          3512,        60,    0.00000000
4000,        20,        0.0550,    1.13772533,    2.65000000,   32.35000000,    0.65000000,         0,       247,       630,          3753,        60,    0.00000000
4000,        20,        0.0800,    1.11968973,    2.80000000,   33.20000000,    0.65000000,       518,         0,       630,          3482,        60,    0.00000000
4000,        20,        0.1010,    1.09801686,    2.60000000,   32.20000000,    0.55000000,       187,         0,       817,          3813,        68,    0.00000000
4000,        20,        0.0610,    1.13956508,    2.60000000,   32.60000000,    0.60000000,         0,       411,       697,          3589,        64,    0.00000000
4000,        20,        0.0760,    1.12910234,    2.65000000,   38.50000000,    0.55000000,         0,       406,       817,          3594,        68,    0.00000000
4000,        20,        0.0860,    1.12391832,    3.10000000,   28.05000000,    0.60000000,       217,         0,       697,          3783,        64,    0.00000000
4000,        20,        0.0910,    1.13981301,    3.05000000,   39.25000000,    0.50000000,         0,       430,       864,          3570,        72,    0.00000000
4000,        20,        0.1020,    1.10172461,    2.70000000,   39.25000000,    0.55000000,       212,         0,       817,          3788,        68,    0.00000000
4000,        20,        0.0770,    1.12947953,    2.70000000,   40.45000000,    0.55000000,         0,       385,       817,          3615,        68,    0.00000000
4000,        20,        0.0620,    1.17929471,    3.40000000,   28.85000000,    0.60000000,         0,       390,       697,          3610,        64,    0.00000000
4000,        20,        0.0870,    1.12386681,    3.10000000,   28.60000000,    0.60000000,       247,         0,       697,          3753,        64,    0.00000000
4000,        20,        0.0920,    1.12430162,    2.75000000,   38.95000000,    0.50000000,         0,       409,       864,          3591,        72,    0.00000000
4000,        20,        0.1030,    1.10178782,    2.70000000,   36.10000000,    0.55000000,       237,         0,       817,          3763,        68,    0.00000000
4000,        20,        0.0780,    1.13688528,    2.90000000,   38.70000000,    0.55000000,         0,       364,       817,          3636,        68,    0.00000000
4000,        20,        0.0630,    1.15573038,    3.00000000,   29.55000000,    0.60000000,         0,       368,       697,          3632,        64,    0.00000000
4000,        20,        0.0880,    1.12170481,    3.05000000,   29.55000000,    0.60000000,       276,         0,       697,          3724,        64,    0.00000000
4000,        20,        0.0930,    1.14263413,    3.20000000,   35.15000000,    0.50000000,         0,       388,       864,          3612,        72,    0.00000000
4000,        20,        0.1040,    1.11709345,    3.10000000,   32.30000000,    0.55000000,       262,         0,       817,          3738,        68,    0.00000000
4000,        20,        0.0790,    1.15138300,    3.25000000,   34.05000000,    0.55000000,         0,       342,       817,          3658,        68,    0.00000000
4000,        20,        0.0640,    1.15028548,    2.95000000,   29.45000000,    0.60000000,         0,       347,       697,          3653,        64,    0.00000000
4000,        20,        0.0890,    1.12572568,    3.15000000,   30.85000000,    0.60000000,       305,         0,       697,          3695,        64,    0.00000000
4000,        20,        0.0940,    1.14310530,    3.25000000,   32.45000000,    0.50000000,         0,       366,       864,          3634,        72,    0.00000000
4000,        20,        0.1050,    1.11115656,    2.95000000,   34.55000000,    0.55000000,       285,         0,       817,          3715,        68,    0.00000000
4000,        20,        0.0800,    1.13782291,    3.00000000,   40.95000000,    0.55000000,         0,       320,       817,          3680,        68,    0.00000000
4000,        20,        0.0650,    1.14040928,    2.80000000,   33.10000000,    0.60000000,         0,       325,       697,          3675,        64,    0.00000000
4000,        20,        0.0900,    1.11993116,    3.00000000,   27.50000000,    0.60000000,       334,         0,       697,          3666,        64,    0.00000000
4000,        20,        0.1060,    1.10564432,    2.80000000,   40.00000000,    0.55000000,       309,         0,       817,          3691,        68,    0.00000000
4000,        20,        0.0950,    1.14973980,    3.45000000,   30.20000000,    0.50000000,         0,       345,       864,          3655,        72,    0.00000000
4000,        20,        0.0810,    1.14008291,    3.10000000,   33.95000000,    0.55000000,         0,       299,       817,          3701,        68,    0.00000000
4000,        20,        0.0660,    1.14760297,    3.00000000,   39.95000000,    0.60000000,         0,       304,       697,          3696,        64,    0.00000000
4000,        20,        0.0910,    1.12369925,    3.10000000,   35.45000000,    0.60000000,       361,         0,       697,          3639,        64,    0.00000000
4000,        20,        0.1070,    1.10373244,    2.75000000,   46.55000000,    0.55000000,       332,         0,       817,          3668,        68,    0.00000000
4000,        20,        0.0960,    1.12853474,    3.00000000,   37.00000000,    0.50000000,         0,       323,       864,          3677,        72,    0.00000000
4000,        20,        0.0820,    1.12694939,    2.85000000,   35.85000000,    0.55000000,         0,       277,       817,          3723,        68,    0.00000000
4000,        20,        0.0670,    1.12582155,    2.60000000,   30.05000000,    0.60000000,         0,       282,       697,          3718,        64,    0.00000000
4000,        20,        0.0920,    1.11794953,    2.95000000,   30.45000000,    0.60000000,       389,         0,       697,          3611,        64,    0.00000000
4000,        20,        0.1080,    1.10949588,    2.90000000,   40.40000000,    0.55000000,       355,         0,       817,          3645,        68,    0.00000000
4000,        20,        0.0970,    1.13748116,    3.25000000,   40.65000000,    0.50000000,         0,       301,       864,          3699,        72,    0.00000000
4000,        20,        0.0830,    1.13393002,    3.05000000,   35.30000000,    0.55000000,         0,       255,       817,          3745,        68,    0.00000000
4000,        20,        0.0680,    1.15242876,    3.20000000,   27.95000000,    0.60000000,         0,       260,       697,          3740,        64,    0.00000000
4000,        20,        0.0930,    1.12774506,    3.20000000,   34.05000000,    0.60000000,       415,         0,       697,          3585,        64,    0.00000000
4000,        20,        0.1090,    1.11507312,    3.05000000,   30.70000000,    0.55000000,       377,         0,       817,          3623,        68,    0.00000000
4000,        20,        0.0980,    1.12314121,    2.95000000,   40.50000000,    0.50000000,         0,       279,       864,          3721,        72,    0.00000000
4000,        20,        0.0840,    1.11679589,    2.70000000,   46.10000000,    0.55000000,         0,       233,       817,          3767,        68,    0.00000000
4000,        20,        0.0690,    1.14992482,    3.20000000,   34.05000000,    0.60000000,         0,       238,       697,          3762,        64,    0.00000000
4000,        20,        0.0940,    1.12770468,    3.20000000,   28.80000000,    0.60000000,       441,         0,       697,          3559,        64,    0.00000000
4000,        20,        0.1100,    1.11887732,    3.15000000,   37.90000000,    0.55000000,       399,         0,       817,          3601,        68,    0.00000000
4000,        20,        0.0850,    1.13463198,    3.15000000,   31.60000000,    0.55000000,         0,       210,       817,          3790,        68,    0.00000000
4000,        20,        0.0990,    1.13622472,    3.30000000,   33.90000000,    0.50000000,         0,       256,       864,          3744,        72,    0.00000000
4000,        20,        0.0700,    1.13167958,    2.85000000,   30.60000000,    0.60000000,         0,       215,       697,          3785,        64,    0.00000000
4000,        20,        0.0950,    1.10782966,    2.70000000,   29.00000000,    0.60000000,       467,         0,       697,          3533,        64,    0.00000000
4000,        20,        0.1000,    1.13031238,    3.20000000,   37.65000000,    0.50000000,         0,       234,       864,          3766,        72,    0.00000000
1944,        20,        0.0780,    1.14319491,    3.20000000,   19.45000000,    0.66670000,       304,         0,       302,          1640,        29,    0.00000000
1944,        20,        0.0790,    1.15618243,    3.50000000,   17.85000000,    0.66670000,       318,         0,       302,          1626,        29,    0.00000000
4000,        20,        0.0210,    1.19063939,    2.20000000,   20.45000000,    0.80000000,         0,       249,       373,          3751,        48,    0.00000000
1944,        20,        0.0800,    1.13584853,    3.05000000,   19.30000000,    0.66670000,       332,         0,       302,          1612,        29,    0.00000000
4000,        20,        0.0310,    1.18085561,    2.60000000,   25.40000000,    0.75000000,         0,       253,       468,          3747,        52,    0.00000000
1944,        20,        0.0810,    1.16271515,    3.65000000,   17.25000000,    0.66670000,       346,         0,       302,          1598,        29,    0.00000000
4000,        20,        0.0560,    1.14261496,    2.80000000,   27.30000000,    0.65000000,         0,       225,       630,          3775,        60,    0.00000000
1944,        20,        0.0820,    1.14731456,    3.30000000,   17.00000000,    0.66670000,       360,         0,       302,          1584,        29,    0.00000000
1944,        20,        0.0830,    1.14035654,    3.15000000,   18.30000000,    0.66670000,       373,         0,       302,          1571,        29,    0.00000000
4000,        20,        0.0220,    1.22370862,    2.70000000,   20.25000000,    0.80000000,         0,       225,       373,          3775,        48,    0.00000000
1944,        20,        0.0840,    1.13584770,    3.05000000,   17.20000000,    0.66670000,       386,         0,       302,          1558,        29,    0.00000000
4000,        20,        0.0320,    1.19874749,    2.95000000,   20.70000000,    0.75000000,         0,       230,       468,          3770,        52,    0.00000000
1944,        20,        0.0850,    1.15615258,    3.50000000,   16.05000000,    0.66670000,       399,         0,       302,          1545,        29,    0.00000000
1944,        20,        0.0860,    1.13863729,    3.10000000,   19.40000000,    0.66670000,       412,         0,       302,          1532,        29,    0.00000000
4000,        20,        0.0570,    1.12220112,    2.45000000,   31.10000000,    0.65000000,         0,       203,       630,          3797,        60,    0.00000000
1944,        20,        0.0870,    1.15860946,    3.55000000,   17.10000000,    0.66670000,       424,         0,       302,          1520,        29,    0.00000000
1944,        20,        0.0880,    1.13626368,    3.05000000,   22.05000000,    0.66670000,       436,         0,       302,          1508,        29,    0.00000000
4000,        20,        0.0330,    1.19258049,    2.95000000,   19.90000000,    0.75000000,         0,       207,       468,          3793,        52,    0.00000000
1944,        20,        0.0890,    1.15662117,    3.50000000,   18.90000000,    0.66670000,       448,         0,       302,          1496,        29,    0.00000000
1944,        20,        0.0900,    1.12717202,    2.85000000,   15.70000000,    0.66670000,       459,         0,       302,          1485,        29,    0.00000000
1944,        20,        0.0910,    1.13369810,    3.00000000,   18.10000000,    0.66670000,       470,         0,       302,          1474,        29,    0.00000000
4000,        20,        0.0340,    1.15896373,    2.50000000,   22.80000000,    0.75000000,         0,       183,       468,          3817,        52,    0.00000000
1944,        20,        0.0920,    1.14486918,    3.25000000,   17.95000000,    0.66670000,       481,         0,       302,          1463,        29,    0.00000000
1944,        20,        0.0930,    1.14950359,    3.35000000,   17.40000000,    0.66670000,       492,         0,       302,          1452,        29,    0.00000000
1944,        20,        0.0940,    1.12746010,    2.85000000,   18.25000000,    0.66670000,       503,         0,       302,          1441,        29,    0.00000000
1944,        20,        0.0950,    1.13835211,    3.10000000,   20.35000000,    0.66670000,       513,         0,       302,          1431,        29,    0.00000000
4000,        20,        0.0350,    1.17883550,    2.90000000,   19.60000000,    0.75000000,         0,       160,       468,          3840,        52,    0.00000000
1944,        20,        0.0960,    1.12479127,    2.80000000,   18.60000000,    0.66670000,       523,         0,       302,          1421,        29,    0.00000000
1944,        20,        0.0970,    1.14270113,    3.20000000,   18.40000000,    0.66670000,       533,         0,       302,          1411,        29,    0.00000000
1944,        20,        0.0980,    1.13168494,    2.95000000,   19.80000000,    0.66670000,       543,         0,       302,          1401,        29,    0.00000000
1944,        20,        0.0990,    1.11634016,    2.60000000,   20.70000000,    0.66670000,       553,         0,       302,          1391,        29,    0.00000000
1944,        20,        0.1000,    1.13836770,    3.10000000,   18.30000000,    0.66670000,       562,         0,       302,          1382,        29,    0.00000000
4000,        20,        0.0110,    1.45857579,    3.40000000,   14.80000000,    0.85000000,         0,       275,       266,          3725,        44,    0.00000000
4000,        20,        0.0120,    1.32931189,    2.65000000,   15.55000000,    0.85000000,         0,       249,       266,          3751,        44,    0.00000000
4000,        20,        0.0130,    1.25571897,    2.20000000,   15.50000000,    0.85000000,         0,       222,       266,          3778,        44,    0.00000000
4000,        20,        0.0140,    1.24967494,    2.30000000,   15.65000000,    0.85000000,         0,       196,       266,          3804,        44,    0.00000000
4000,        20,        0.0150,    1.22414402,    2.20000000,   12.85000000,    0.85000000,         0,       170,       266,          3830,        44,    0.00000000
