code_n, n_tries,          qber,        f_mean,  c_iters_mean,  n_iters_mean,             R,       s_n,       p_n,   p_n_max,           k_n,   discl_n,           FER 
1944,        20,        0.0200,    1.19462871,    5.30000000,   13.55000000,    0.83330000,         0,       135,       152,          1809,        22,    0.00000000
1944,        20,        0.0200,    1.22803373,    5.05000000,    8.65000000,    0.83330000,         0,       118,       152,          1826,        22,    0.00000000
1944,        20,        0.0200,    1.23436837,    6.40000000,    8.15000000,    0.83330000,         0,       152,       152,          1792,        22,    0.00000000
1944,        20,        0.0200,    1.25710862,    2.85000000,    9.45000000,    0.83330000,         0,        50,       152,          1894,        22,    0.00000000
1944,        20,        0.0200,    1.27628689,    4.35000000,    9.45000000,    0.83330000,         0,        84,       152,          1860,        22,    0.00000000
1944,        20,        0.0200,    1.27770174,    5.00000000,    8.35000000,    0.83330000,         0,       101,       152,          1843,        22,    0.00000000
1944,        20,        0.0200,    1.30475063,    1.30000000,    5.55000000,    0.83330000,        33,         0,       152,          1911,        22,    0.00000000
1944,        20,        0.0200,    1.32331605,    2.40000000,    9.80000000,    0.83330000,         0,        16,       152,          1928,        22,    0.00000000
1944,        20,        0.0200,    1.32876156,    4.35000000,    5.75000000,    0.83330000,         0,        67,       152,          1877,        22,    0.00000000
1944,        20,        0.0200,    1.33323824,    3.15000000,    8.05000000,    0.83330000,         0,        33,       152,          1911,        22,    0.00000000
1944,        20,        0.0200,    1.33861014,    2.00000000,    5.70000000,    0.83330000,         0,         0,       152,          1944,        22,    0.00000000
1944,        20,        0.0200,    1.35061187,    2.15000000,    8.75000000,    0.83330000,         0,         0,       152,          1944,        22,    0.00000000
1944,        20,        0.0200,    1.36080692,    1.70000000,    6.20000000,    0.83330000,        66,         0,       152,          1878,        22,    0.00000000
1944,        20,        0.0200,    1.36091122,    1.85000000,    5.20000000,    0.83330000,        49,         0,       152,          1895,        22,    0.00000000
1944,        20,        0.0200,    1.37392159,    2.30000000,    5.40000000,    0.83330000,        16,         0,       152,          1928,        22,    0.00000000
1944,        20,        0.0200,    1.37671608,    1.60000000,    3.40000000,    0.83330000,        99,         0,       152,          1845,        22,    0.00000000
1944,        20,        0.0200,    1.38085373,    1.80000000,    6.30000000,    0.83330000,        82,         0,       152,          1862,        22,    0.00000000
1944,        20,        0.0200,    1.38340250,    0.95000000,    4.15000000,    0.83330000,       181,         0,       152,          1763,        22,    0.00000000
1944,        20,        0.0200,    1.38450740,    1.55000000,    6.25000000,    0.83330000,       115,         0,       152,          1829,        22,    0.00000000
1944,        20,        0.0200,    1.39320470,    1.50000000,    5.25000000,    0.83330000,       132,         0,       152,          1812,        22,    0.00000000
1944,        20,        0.0200,    1.40108173,    0.70000000,    2.25000000,    0.83330000,       231,         0,       152,          1713,        22,    0.00000000
1944,        20,        0.0200,    1.43216317,    1.65000000,    4.80000000,    0.83330000,       165,         0,       152,          1779,        22,    0.00000000
1944,        20,        0.0200,    1.43226833,    1.20000000,    5.40000000,    0.83330000,       214,         0,       152,          1730,        22,    0.00000000
1944,        20,        0.0200,    1.43720602,    0.95000000,    4.80000000,    0.83330000,       247,         0,       152,          1697,        22,    0.00000000
1944,        20,        0.0200,    1.44458853,    1.95000000,    5.10000000,    0.83330000,       148,         0,       152,          1796,        22,    0.00000000
1944,        20,        0.0200,    1.44711993,    0.90000000,    6.60000000,    0.83330000,       264,         0,       152,          1680,        22,    0.00000000
1944,        20,        0.0200,    1.45477730,    1.60000000,    5.60000000,    0.83330000,       198,         0,       152,          1746,        22,    0.00000000
1944,        20,        0.0200,    1.45722709,    0.70000000,    3.95000000,    0.83330000,       297,         0,       152,          1647,        22,    0.00000000
1944,        20,        0.0200,    1.45723654,    0.85000000,    4.80000000,    0.83330000,       281,         0,       152,          1663,        22,    0.00000000
1944,        20,        0.0200,    1.47256608,    0.55000000,    2.10000000,    0.83330000,       330,         0,       152,          1614,        22,    0.00000000
1944,        20,        0.0200,    1.48196764,    0.80000000,    3.05000000,    0.83330000,       314,         0,       152,          1630,        22,    0.00000000
1944,        20,        0.0200,    1.50822187,    0.60000000,    4.00000000,    0.83330000,       363,         0,       152,          1581,        22,    0.00000000
1944,        20,        0.0200,    1.51964300,    0.55000000,    1.25000000,    0.83330000,       380,         0,       152,          1564,        22,    0.00000000
1944,        20,        0.0200,    1.52027797,    0.40000000,    2.35000000,    0.83330000,       396,         0,       152,          1548,        22,    0.00000000
1944,        20,        0.0200,    1.54180962,    1.10000000,    3.45000000,    0.83330000,       347,         0,       152,          1597,        22,    0.00000000
1944,        20,        0.0200,    1.54825952,    0.35000000,    2.00000000,    0.83330000,       429,         0,       152,          1515,        22,    0.00000000
1944,        20,        0.0200,    1.55025488,    0.20000000,    1.05000000,    0.83330000,       446,         0,       152,          1498,        22,    0.00000000
1944,        20,        0.0200,    1.55747797,    0.60000000,    2.30000000,    0.83330000,       413,         0,       152,          1531,        22,    0.00000000
1944,        20,        0.0200,    1.60541233,    0.05000000,    0.25000000,    0.83330000,       512,         0,       152,          1432,        22,    0.00000000
1944,        20,        0.0200,    1.61341343,    0.30000000,    1.25000000,    0.83330000,       495,         0,       152,          1449,        22,    0.00000000
1944,        20,        0.0200,    1.61422125,    0.65000000,    3.60000000,    0.83330000,       462,         0,       152,          1482,        22,    0.00000000
1944,        20,        0.0200,    1.61702698,    0.50000000,    1.45000000,    0.83330000,       479,         0,       152,          1465,        22,    0.00000000
1944,        20,        0.0200,    1.66199880,    0.40000000,    2.20000000,    0.83330000,       528,         0,       152,          1416,        22,    0.00000000
1944,        20,        0.0200,    1.67475014,    0.15000000,    0.55000000,    0.83330000,       562,         0,       152,          1382,        22,    0.00000000
1944,        20,        0.0200,    1.68219463,    0.40000000,    1.35000000,    0.83330000,       545,         0,       152,          1399,        22,    0.00000000
1944,        20,        0.0200,    1.68867319,    0.10000000,    0.15000000,    0.83330000,       578,         0,       152,          1366,        22,    0.00000000
1944,        20,        0.0200,    1.73047830,    0.10000000,    0.30000000,    0.83330000,       611,         0,       152,          1333,        22,    0.00000000
1944,        20,        0.0200,    1.73301413,    0.30000000,    1.05000000,    0.83330000,       595,         0,       152,          1349,        22,    0.00000000
1944,        20,        0.0200,    1.74692284,    0.05000000,    0.40000000,    0.83330000,       628,         0,       152,          1316,        22,    0.00000000
1944,        20,        0.0200,    1.78038823,    0.15000000,    0.90000000,    0.83330000,       644,         0,       152,          1300,        22,    0.00000000
1944,        20,        0.0200,    1.80397872,    0.15000000,    1.20000000,    0.83330000,       661,         0,       152,          1283,        22,    0.00000000
1944,        20,        0.0200,    1.82675982,    0.15000000,    0.90000000,    0.83330000,       677,         0,       152,          1267,        22,    0.00000000
1944,        20,        0.0200,    1.83916037,    0.05000000,    0.35000000,    0.83330000,       694,         0,       152,          1250,        22,    0.00000000
1944,        20,        0.0200,    1.86930922,    0.10000000,    0.35000000,    0.83330000,       710,         0,       152,          1234,        22,    0.00000000
1944,        20,        0.0200,    1.88264038,    0.00000000,    0.00000000,    0.83330000,       727,         0,       152,          1217,        22,    0.00000000
1944,        20,        0.0200,    1.92067242,    0.10000000,    0.30000000,    0.83330000,       743,         0,       152,          1201,        22,    0.00000000
1944,        20,        0.0200,    1.95481816,    0.15000000,    0.85000000,    0.83330000,       760,         0,       152,          1184,        22,    0.00000000
1944,        20,        0.0200,    1.96162101,    0.00000000,    0.00000000,    0.83330000,       776,         0,       152,          1168,        22,    0.00000000
1944,        20,        0.0200,    1.99059369,    0.00000000,    0.00000000,    0.83330000,       793,         0,       152,          1151,        22,    0.00000000
1944,        20,        0.0200,    2.02550701,    0.05000000,    0.20000000,    0.83330000,       809,         0,       152,          1135,        22,    0.00000000
1944,        20,        0.1000,    1.09387133,    6.40000000,   34.45000000,    0.50000000,         0,       408,       439,          1536,        35,    0.00000000
1944,        20,        0.1000,    1.10872493,    6.50000000,   28.85000000,    0.50000000,         0,       393,       439,          1551,        35,    0.00000000
1944,        20,        0.1000,    1.11117099,    2.20000000,   28.20000000,    0.50000000,         0,        75,       439,          1869,        35,    0.00000000
1944,        20,        0.1000,    1.11138025,    6.35000000,   30.05000000,    0.50000000,         0,       378,       439,          1566,        35,    0.00000000
1944,        20,        0.1000,    1.11201566,    2.85000000,   30.70000000,    0.50000000,         0,       121,       439,          1823,        35,    0.00000000
1944,        20,        0.1000,    1.11673334,    5.85000000,   39.55000000,    0.50000000,         0,       333,       439,          1611,        35,    0.00000000
1944,        20,        0.1000,    1.11783783,    3.40000000,   26.70000000,    0.50000000,         0,       151,       439,          1793,        35,    0.00000000
1944,        20,        0.1000,    1.11841129,    4.65000000,   29.95000000,    0.50000000,         0,       242,       439,          1702,        35,    0.00000000
1944,        20,        0.1000,    1.12030618,    5.10000000,   34.35000000,    0.50000000,         0,       272,       439,          1672,        35,    0.00000000
1944,        20,        0.1000,    1.12509486,    4.60000000,   29.80000000,    0.50000000,         0,       227,       439,          1717,        35,    0.00000000
1944,        20,        0.1000,    1.12578588,    6.45000000,   31.35000000,    0.50000000,         0,       363,       439,          1581,        35,    0.00000000
1944,        20,        0.1000,    1.12681523,    5.65000000,   27.70000000,    0.50000000,         0,       302,       439,          1642,        35,    0.00000000
1944,        20,        0.1000,    1.12801312,    4.25000000,   30.60000000,    0.50000000,         0,       196,       439,          1748,        35,    0.00000000
1944,        20,        0.1000,    1.12831739,    3.45000000,   29.00000000,    0.50000000,         0,       136,       439,          1808,        35,    0.00000000
1944,        20,        0.1000,    1.12932820,    2.05000000,   20.05000000,    0.50000000,         0,        30,       439,          1914,        35,    0.00000000
1944,        20,        0.1000,    1.12944940,    1.65000000,   28.55000000,    0.50000000,         0,         0,       439,          1944,        35,    0.00000000
1944,        20,        0.1000,    1.13026646,    3.90000000,   24.20000000,    0.50000000,         0,       166,       439,          1778,        35,    0.00000000
1944,        20,        0.1000,    1.13103692,    3.10000000,   34.20000000,    0.50000000,         0,       105,       439,          1839,        35,    0.00000000
1944,        20,        0.1000,    1.13108664,    2.90000000,   28.15000000,    0.50000000,         0,        90,       439,          1854,        35,    0.00000000
1944,        20,        0.1000,    1.13118370,    2.50000000,   23.60000000,    0.50000000,         0,        60,       439,          1884,        35,    0.00000000
1944,        20,        0.1000,    1.13151544,    5.15000000,   28.05000000,    0.50000000,         0,       257,       439,          1687,        35,    0.00000000
1944,        20,        0.1000,    1.13232411,    4.15000000,   29.25000000,    0.50000000,         0,       181,       439,          1763,        35,    0.00000000
1944,        20,        0.1000,    1.13524481,    6.45000000,   33.95000000,    0.50000000,         0,       348,       439,          1596,        35,    0.00000000
1944,        20,        0.1000,    1.13591662,    5.65000000,   31.00000000,    0.50000000,         0,       287,       439,          1657,        35,    0.00000000
1944,        20,        0.1000,    1.13694584,    7.70000000,   30.45000000,    0.50000000,         0,       439,       439,          1505,        35,    0.00000000
1944,        20,        0.1000,    1.13712713,    1.85000000,   27.90000000,    0.50000000,         0,         0,       439,          1944,        35,    0.00000000
1944,        20,        0.1000,    1.13760253,    7.50000000,   31.95000000,    0.50000000,         0,       423,       439,          1521,        35,    0.00000000
1944,        20,        0.1000,    1.13906106,    2.10000000,   22.80000000,    0.50000000,         0,        15,       439,          1929,        35,    0.00000000
1944,        20,        0.1000,    1.14105567,    2.55000000,   30.45000000,    0.50000000,         0,        45,       439,          1899,        35,    0.00000000
1944,        20,        0.1000,    1.14269314,    1.75000000,   23.35000000,    0.50000000,        16,         0,       439,          1928,        35,    0.00000000
1944,        20,        0.1000,    1.14300568,    4.80000000,   25.65000000,    0.50000000,         0,       211,       439,          1733,        35,    0.00000000
1944,        20,        0.1000,    1.14504807,    1.55000000,   25.45000000,    0.50000000,        33,         0,       439,          1911,        35,    0.00000000
1944,        20,        0.1000,    1.14736034,    6.30000000,   34.30000000,    0.50000000,         0,       317,       439,          1627,        35,    0.00000000
1944,        20,        0.1000,    1.14744528,    1.35000000,   23.60000000,    0.50000000,        50,         0,       439,          1894,        35,    0.00000000
1944,        20,        0.1000,    1.14988590,    1.15000000,   15.10000000,    0.50000000,        67,         0,       439,          1877,        35,    0.00000000
1944,        20,        0.1000,    1.15022888,    0.65000000,   15.50000000,    0.50000000,       100,         0,       439,          1844,        35,    0.00000000
1944,        20,        0.1000,    1.15375696,    1.00000000,   21.85000000,    0.50000000,        83,         0,       439,          1861,        35,    0.00000000
1944,        20,        0.1000,    1.16910103,    0.85000000,   14.65000000,    0.50000000,       117,         0,       439,          1827,        35,    0.00000000
1944,        20,        0.1000,    1.17604678,    0.50000000,    8.50000000,    0.50000000,       150,         0,       439,          1794,        35,    0.00000000
1944,        20,        0.1000,    1.18214307,    0.90000000,   17.75000000,    0.50000000,       134,         0,       439,          1810,        35,    0.00000000
1944,        20,        0.1000,    1.18729765,    0.50000000,    6.90000000,    0.50000000,       167,         0,       439,          1777,        35,    0.00000000
1944,        20,        0.1000,    1.19761311,    0.20000000,    3.45000000,    0.50000000,       201,         0,       439,          1743,        35,    0.00000000
1944,        20,        0.1000,    1.19876587,    0.50000000,   10.45000000,    0.50000000,       184,         0,       439,          1760,        35,    0.00000000
1944,        20,        0.1000,    1.21199657,    0.00000000,    0.00000000,    0.50000000,       234,         0,       439,          1710,        35,    0.00000000
1944,        20,        0.1000,    1.21302977,    0.30000000,    5.55000000,    0.50000000,       217,         0,       439,          1727,        35,    0.00000000
1944,        20,        0.1000,    1.23077866,    0.15000000,    2.40000000,    0.50000000,       251,         0,       439,          1693,        35,    0.00000000
1944,        20,        0.1000,    1.23880998,    0.05000000,    0.60000000,    0.50000000,       268,         0,       439,          1676,        35,    0.00000000
1944,        20,        0.1000,    1.25299813,    0.10000000,    1.65000000,    0.50000000,       284,         0,       439,          1660,        35,    0.00000000
1944,        20,        0.1000,    1.26369173,    0.05000000,    1.05000000,    0.50000000,       301,         0,       439,          1643,        35,    0.00000000
1944,        20,        0.1000,    1.27919858,    0.10000000,    1.80000000,    0.50000000,       318,         0,       439,          1626,        35,    0.00000000
1944,        20,        0.1000,    1.28807591,    0.00000000,    0.00000000,    0.50000000,       335,         0,       439,          1609,        35,    0.00000000
1944,        20,        0.1000,    1.30101327,    0.00000000,    0.00000000,    0.50000000,       351,         0,       439,          1593,        35,    0.00000000
1944,        20,        0.1000,    1.31741467,    0.05000000,    0.45000000,    0.50000000,       368,         0,       439,          1576,        35,    0.00000000
1944,        20,        0.1000,    1.32938688,    0.00000000,    0.00000000,    0.50000000,       385,         0,       439,          1559,        35,    0.00000000
1944,        20,        0.1000,    1.34404289,    0.00000000,    0.00000000,    0.50000000,       402,         0,       439,          1542,        35,    0.00000000
1944,        20,        0.1000,    1.35813509,    0.00000000,    0.00000000,    0.50000000,       418,         0,       439,          1526,        35,    0.00000000
1944,        20,        0.1000,    1.37343548,    0.00000000,    0.00000000,    0.50000000,       435,         0,       439,          1509,        35,    0.00000000
1944,        20,        0.1000,    1.38908455,    0.00000000,    0.00000000,    0.50000000,       452,         0,       439,          1492,        35,    0.00000000
1944,        20,        0.1000,    1.40509433,    0.00000000,    0.00000000,    0.50000000,       469,         0,       439,          1475,        35,    0.00000000
1944,        20,        0.1000,    1.42147746,    0.00000000,    0.00000000,    0.50000000,       486,         0,       439,          1458,        35,    0.00000000
4000,        20,        0.0200,    1.18518426,    5.50000000,   15.60000000,    0.85000000,         0,       206,       266,          3794,        44,    0.00000000
4000,        20,        0.0200,    1.19661589,    1.75000000,   11.55000000,    0.85000000,         0,         0,       266,          4000,        44,    0.00000000
4000,        20,        0.0200,    1.21247645,    2.50000000,   11.20000000,    0.85000000,         0,        29,       266,          3971,        44,    0.00000000
4000,        20,        0.0200,    1.21558911,    7.00000000,   13.50000000,    0.85000000,         0,       266,       266,          3734,        44,    0.00000000
4000,        20,        0.0200,    1.21886008,    1.75000000,   11.10000000,    0.85000000,        73,         0,       266,          3927,        44,    0.00000000
4000,        20,        0.0200,    1.22168814,    5.40000000,   13.90000000,    0.85000000,         0,       177,       266,          3823,        44,    0.00000000
4000,        20,        0.0200,    1.22326658,    1.90000000,    9.95000000,    0.85000000,        49,         0,       266,          3951,        44,    0.00000000
4000,        20,        0.0200,    1.22505974,    6.55000000,   13.65000000,    0.85000000,         0,       236,       266,          3764,        44,    0.00000000
4000,        20,        0.0200,    1.23065550,    1.80000000,   12.85000000,    0.85000000,        98,         0,       266,          3902,        44,    0.00000000
4000,        20,        0.0200,    1.23262780,    0.85000000,    6.05000000,    0.85000000,       344,         0,       266,          3656,        44,    0.00000000
4000,        20,        0.0200,    1.23304231,    0.95000000,    7.65000000,    0.85000000,       320,         0,       266,          3680,        44,    0.00000000
4000,        20,        0.0200,    1.23498167,    3.35000000,   14.65000000,    0.85000000,         0,        59,       266,          3941,        44,    0.00000000
4000,        20,        0.0200,    1.24327860,    2.35000000,   12.05000000,    0.85000000,         0,         0,       266,          4000,        44,    0.00000000
4000,        20,        0.0200,    1.24603792,    1.30000000,   10.00000000,    0.85000000,       271,         0,       266,          3729,        44,    0.00000000
4000,        20,        0.0200,    1.24631904,    1.70000000,   10.95000000,    0.85000000,       172,         0,       266,          3828,        44,    0.00000000
4000,        20,        0.0200,    1.24738982,    4.05000000,   13.85000000,    0.85000000,         0,        88,       266,          3912,        44,    0.00000000
4000,        20,        0.0200,    1.25042205,    1.65000000,   11.10000000,    0.85000000,       197,         0,       266,          3803,        44,    0.00000000
4000,        20,        0.0200,    1.25396584,    1.00000000,    7.85000000,    0.85000000,       369,         0,       266,          3631,        44,    0.00000000
4000,        20,        0.0200,    1.25424737,    1.60000000,   13.30000000,    0.85000000,       221,         0,       266,          3779,        44,    0.00000000
4000,        20,        0.0200,    1.25463883,    2.00000000,   11.00000000,    0.85000000,       123,         0,       266,          3877,        44,    0.00000000
4000,        20,        0.0200,    1.25469533,    2.40000000,   15.70000000,    0.85000000,        24,         0,       266,          3976,        44,    0.00000000
4000,        20,        0.0200,    1.25812613,    0.45000000,    5.65000000,    0.85000000,       517,         0,       266,          3483,        44,    0.00000000
4000,        20,        0.0200,    1.26243481,    0.90000000,    8.45000000,    0.85000000,       418,         0,       266,          3582,        44,    0.00000000
4000,        20,        0.0200,    1.26245386,    2.00000000,   11.90000000,    0.85000000,       147,         0,       266,          3853,        44,    0.00000000
4000,        20,        0.0200,    1.26249338,    4.80000000,   13.75000000,    0.85000000,         0,       118,       266,          3882,        44,    0.00000000
4000,        20,        0.0200,    1.26250577,    1.40000000,   10.95000000,    0.85000000,       295,         0,       266,          3705,        44,    0.00000000
4000,        20,        0.0200,    1.26709478,    0.75000000,    6.95000000,    0.85000000,       468,         0,       266,          3532,        44,    0.00000000
4000,        20,        0.0200,    1.27128631,    1.10000000,   10.85000000,    0.85000000,       394,         0,       266,          3606,        44,    0.00000000
4000,        20,        0.0200,    1.27154895,    0.40000000,    2.25000000,    0.85000000,       566,         0,       266,          3434,        44,    0.00000000
4000,        20,        0.0200,    1.27917362,    1.80000000,   10.70000000,    0.85000000,       246,         0,       266,          3754,        44,    0.00000000
4000,        20,        0.0200,    1.28071603,    0.60000000,    6.45000000,    0.85000000,       542,         0,       266,          3458,        44,    0.00000000
4000,        20,        0.0200,    1.28995542,    0.40000000,    2.85000000,    0.85000000,       615,         0,       266,          3385,        44,    0.00000000
4000,        20,        0.0200,    1.29793328,    1.00000000,    9.90000000,    0.85000000,       492,         0,       266,          3508,        44,    0.00000000
4000,        20,        0.0200,    1.29952010,    5.80000000,   12.70000000,    0.85000000,         0,       147,       266,          3853,        44,    0.00000000
4000,        20,        0.0200,    1.30191767,    1.25000000,    7.60000000,    0.85000000,       443,         0,       266,          3557,        44,    0.00000000
4000,        20,        0.0200,    1.31344101,    0.55000000,    4.35000000,    0.85000000,       640,         0,       266,          3360,        44,    0.00000000
4000,        20,        0.0200,    1.32193818,    0.85000000,    7.25000000,    0.85000000,       591,         0,       266,          3409,        44,    0.00000000
4000,        20,        0.0200,    1.32328690,    0.55000000,    5.20000000,    0.85000000,       665,         0,       266,          3335,        44,    0.00000000
4000,        20,        0.0200,    1.32818108,    0.50000000,    5.30000000,    0.85000000,       689,         0,       266,          3311,        44,    0.00000000
4000,        20,        0.0200,    1.33828593,    0.50000000,    4.85000000,    0.85000000,       714,         0,       266,          3286,        44,    0.00000000
4000,        20,        0.0200,    1.35373906,    0.45000000,    2.00000000,    0.85000000,       763,         0,       266,          3237,        44,    0.00000000
4000,        20,        0.0200,    1.35943309,    0.40000000,    3.00000000,    0.85000000,       788,         0,       266,          3212,        44,    0.00000000
4000,        20,        0.0200,    1.36082268,    0.20000000,    2.20000000,    0.85000000,       837,         0,       266,          3163,        44,    0.00000000
4000,        20,        0.0200,    1.36285504,    0.65000000,    5.10000000,    0.85000000,       739,         0,       266,          3261,        44,    0.00000000
4000,        20,        0.0200,    1.36725094,    0.05000000,    0.55000000,    0.85000000,       886,         0,       266,          3114,        44,    0.00000000
4000,        20,        0.0200,    1.37166416,    0.20000000,    1.80000000,    0.85000000,       862,         0,       266,          3138,        44,    0.00000000
4000,        20,        0.0200,    1.37497751,    0.45000000,    4.05000000,    0.85000000,       813,         0,       266,          3187,        44,    0.00000000
4000,        20,        0.0200,    1.38335178,    0.10000000,    0.95000000,    0.85000000,       911,         0,       266,          3089,        44,    0.00000000
4000,        20,        0.0200,    1.40986827,    0.25000000,    1.00000000,    0.85000000,       936,         0,       266,          3064,        44,    0.00000000
4000,        20,        0.0200,    1.41730469,    0.10000000,    0.40000000,    0.85000000,       985,         0,       266,          3015,        44,    0.00000000
4000,        20,        0.0200,    1.42395298,    0.05000000,    0.30000000,    0.85000000,      1010,         0,       266,          2990,        44,    0.00000000
4000,        20,        0.0200,    1.42611533,    0.30000000,    2.15000000,    0.85000000,       960,         0,       266,          3040,        44,    0.00000000
4000,        20,        0.0200,    1.43023101,    0.00000000,    0.00000000,    0.85000000,      1034,         0,       266,          2966,        44,    0.00000000
4000,        20,        0.0200,    1.45296622,    0.10000000,    0.90000000,    0.85000000,      1059,         0,       266,          2941,        44,    0.00000000
4000,        20,        0.0200,    1.46008896,    0.05000000,    0.50000000,    0.85000000,      1084,         0,       266,          2916,        44,    0.00000000
4000,        20,        0.0200,    1.47758425,    0.10000000,    0.30000000,    0.85000000,      1108,         0,       266,          2892,        44,    0.00000000
4000,        20,        0.0200,    1.48504340,    0.05000000,    0.75000000,    0.85000000,      1133,         0,       266,          2867,        44,    0.00000000
4000,        20,        0.0200,    1.50305088,    0.10000000,    0.80000000,    0.85000000,      1157,         0,       266,          2843,        44,    0.00000000
4000,        20,        0.0200,    1.50534605,    0.00000000,    0.00000000,    0.85000000,      1182,         0,       266,          2818,        44,    0.00000000
4000,        20,        0.0200,    1.51882033,    0.00000000,    0.00000000,    0.85000000,      1207,         0,       266,          2793,        44,    0.00000000
4000,        20,        0.0200,    1.53760181,    0.05000000,    0.15000000,    0.85000000,      1231,         0,       266,          2769,        44,    0.00000000
4000,        20,        0.0200,    1.54594212,    0.00000000,    0.00000000,    0.85000000,      1256,         0,       266,          2744,        44,    0.00000000
4000,        20,        0.0200,    1.56015637,    0.00000000,    0.00000000,    0.85000000,      1281,         0,       266,          2719,        44,    0.00000000
4000,        20,        0.0200,    1.57982168,    0.05000000,    0.30000000,    0.85000000,      1305,         0,       266,          2695,        44,    0.00000000
4000,        20,        0.0200,    1.58878846,    0.00000000,    0.00000000,    0.85000000,      1330,         0,       266,          2670,        44,    0.00000000
4000,        20,        0.0200,    1.60380536,    0.00000000,    0.00000000,    0.85000000,      1355,         0,       266,          2645,        44,    0.00000000
4000,        20,        0.0200,    1.61849110,    0.00000000,    0.00000000,    0.85000000,      1379,         0,       266,          2621,        44,    0.00000000
4000,        20,        0.0200,    1.63407749,    0.00000000,    0.00000000,    0.85000000,      1404,         0,       266,          2596,        44,    0.00000000
4000,        20,        0.0200,    1.64932550,    0.00000000,    0.00000000,    0.85000000,      1428,         0,       266,          2572,        44,    0.00000000
4000,        20,        0.0200,    1.66551440,    0.00000000,    0.00000000,    0.85000000,      1453,         0,       266,          2547,        44,    0.00000000
4000,        20,        0.0200,    1.68202426,    0.00000000,    0.00000000,    0.85000000,      1478,         0,       266,          2522,        44,    0.00000000
4000,        20,        0.0200,    1.69818462,    0.00000000,    0.00000000,    0.85000000,      1502,         0,       266,          2498,        44,    0.00000000
4000,        20,        0.0200,    1.71535187,    0.00000000,    0.00000000,    0.85000000,      1527,         0,       266,          2473,        44,    0.00000000
4000,        20,        0.0200,    1.73286976,    0.00000000,    0.00000000,    0.85000000,      1552,         0,       266,          2448,        44,    0.00000000
4000,        20,        0.0200,    1.75002689,    0.00000000,    0.00000000,    0.85000000,      1576,         0,       266,          2424,        44,    0.00000000
4000,        20,        0.0200,    1.76826393,    0.00000000,    0.00000000,    0.85000000,      1601,         0,       266,          2399,        44,    0.00000000
4000,        20,        0.0200,    1.78688508,    0.00000000,    0.00000000,    0.85000000,      1626,         0,       266,          2374,        44,    0.00000000
4000,        20,        0.0200,    1.80513412,    0.00000000,    0.00000000,    0.85000000,      1650,         0,       266,          2350,        44,    0.00000000
4000,        20,        0.0200,    1.82454416,    0.00000000,    0.00000000,    0.85000000,      1675,         0,       266,          2325,        44,    0.00000000
4000,        20,        0.0200,    1.84437616,    0.00000000,    0.00000000,    0.85000000,      1700,         0,       266,          2300,        44,    0.00000000
4000,        20,        0.1000,    1.10857796,    1.70000000,   42.10000000,    0.50000000,         0,        89,       864,          3911,        72,    0.00000000
4000,        20,        0.1000,    1.10858060,    1.30000000,   30.60000000,    0.50000000,         0,        29,       864,          3971,        72,    0.00000000
4000,        20,        0.1000,    1.11143445,    1.00000000,   27.35000000,    0.50000000,        25,         0,       864,          3975,        72,    0.00000000
4000,        20,        0.1000,    1.11292074,    0.85000000,   28.35000000,    0.50000000,        51,         0,       864,          3949,        72,    0.00000000
4000,        20,        0.1000,    1.11481916,    2.25000000,   36.45000000,    0.50000000,         0,       148,       864,          3852,        72,    0.00000000
4000,        20,        0.1000,    1.11600196,    1.30000000,   35.40000000,    0.50000000,         0,         0,       864,          4000,        72,    0.00000000
4000,        20,        0.1000,    1.11792095,    1.35000000,   34.05000000,    0.50000000,         0,         0,       864,          4000,        72,    0.00000000
4000,        20,        0.1000,    1.11846579,    2.15000000,   31.10000000,    0.50000000,         0,       119,       864,          3881,        72,    0.00000000
4000,        20,        0.1000,    1.11912784,    3.15000000,   35.30000000,    0.50000000,         0,       268,       864,          3732,        72,    0.00000000
4000,        20,        0.1000,    1.12108550,    3.00000000,   35.35000000,    0.50000000,         0,       238,       864,          3762,        72,    0.00000000
4000,        20,        0.1000,    1.12196738,    0.90000000,   19.40000000,    0.50000000,        76,         0,       864,          3924,        72,    0.00000000
4000,        20,        0.1000,    1.12503644,    2.90000000,   33.15000000,    0.50000000,         0,       208,       864,          3792,        72,    0.00000000
4000,        20,        0.1000,    1.12551258,    0.80000000,   20.25000000,    0.50000000,       102,         0,       864,          3898,        72,    0.00000000
4000,        20,        0.1000,    1.13000425,    2.05000000,   33.75000000,    0.50000000,         0,        59,       864,          3941,        72,    0.00000000
4000,        20,        0.1000,    1.13108783,    0.75000000,   22.85000000,    0.50000000,       128,         0,       864,          3872,        72,    0.00000000
4000,        20,        0.1000,    1.13250010,    4.25000000,   34.45000000,    0.50000000,         0,       387,       864,          3613,        72,    0.00000000
4000,        20,        0.1000,    1.13484127,    4.50000000,   39.55000000,    0.50000000,         0,       417,       864,          3583,        72,    0.00000000
4000,        20,        0.1000,    1.13495045,    2.95000000,   30.35000000,    0.50000000,         0,       178,       864,          3822,        72,    0.00000000
4000,        20,        0.1000,    1.13606874,    3.75000000,   33.10000000,    0.50000000,         0,       297,       864,          3703,        72,    0.00000000
4000,        20,        0.1000,    1.13838169,    4.00000000,   32.95000000,    0.50000000,         0,       327,       864,          3673,        72,    0.00000000
4000,        20,        0.1000,    1.14043360,    0.80000000,   20.60000000,    0.50000000,       153,         0,       864,          3847,        72,    0.00000000
4000,        20,        0.1000,    1.14190150,    0.45000000,   15.15000000,    0.50000000,       205,         0,       864,          3795,        72,    0.00000000
4000,        20,        0.1000,    1.14494684,    4.35000000,   34.10000000,    0.50000000,         0,       357,       864,          3643,        72,    0.00000000
4000,        20,        0.1000,    1.14819368,    0.80000000,   19.00000000,    0.50000000,       179,         0,       864,          3821,        72,    0.00000000
4000,        20,        0.1000,    1.15033220,    6.00000000,   33.90000000,    0.50000000,         0,       595,       864,          3405,        72,    0.00000000
4000,        20,        0.1000,    1.15046083,    5.05000000,   34.55000000,    0.50000000,         0,       446,       864,          3554,        72,    0.00000000
4000,        20,        0.1000,    1.15081589,    5.25000000,   31.25000000,    0.50000000,         0,       476,       864,          3524,        72,    0.00000000
4000,        20,        0.1000,    1.15130562,    0.30000000,    9.85000000,    0.50000000,       256,         0,       864,          3744,        72,    0.00000000
4000,        20,        0.1000,    1.15354593,    0.55000000,   10.20000000,    0.50000000,       230,         0,       864,          3770,        72,    0.00000000
4000,        20,        0.1000,    1.15862418,    6.00000000,   32.20000000,    0.50000000,         0,       566,       864,          3434,        72,    0.00000000
4000,        20,        0.1000,    1.15996467,    5.65000000,   32.00000000,    0.50000000,         0,       506,       864,          3494,        72,    0.00000000
4000,        20,        0.1000,    1.16142126,    0.35000000,   11.45000000,    0.50000000,       282,         0,       864,          3718,        72,    0.00000000
4000,        20,        0.1000,    1.16207362,    6.45000000,   32.65000000,    0.50000000,         0,       625,       864,          3375,        72,    0.00000000
4000,        20,        0.1000,    1.16262412,    5.90000000,   32.05000000,    0.50000000,         0,       536,       864,          3464,        72,    0.00000000
4000,        20,        0.1000,    1.16501455,    0.05000000,    1.90000000,    0.50000000,       333,         0,       864,          3667,        72,    0.00000000
4000,        20,        0.1000,    1.16512653,    0.25000000,    7.80000000,    0.50000000,       307,         0,       864,          3693,        72,    0.00000000
4000,        20,        0.1000,    1.16591683,    7.85000000,   30.95000000,    0.50000000,         0,       834,       864,          3166,        72,    0.00000000
4000,        20,        0.1000,    1.16714136,    6.75000000,   34.70000000,    0.50000000,         0,       655,       864,          3345,        72,    0.00000000
4000,        20,        0.1000,    1.16723304,    7.50000000,   30.85000000,    0.50000000,         0,       774,       864,          3226,        72,    0.00000000
4000,        20,        0.1000,    1.17054450,    7.20000000,   31.40000000,    0.50000000,         0,       715,       864,          3285,        72,    0.00000000
4000,        20,        0.1000,    1.17511926,    0.10000000,    2.65000000,    0.50000000,       358,         0,       864,          3642,        72,    0.00000000
4000,        20,        0.1000,    1.17924741,    7.20000000,   29.50000000,    0.50000000,         0,       685,       864,          3315,        72,    0.00000000
4000,        20,        0.1000,    1.17979071,    7.95000000,   28.00000000,    0.50000000,         0,       804,       864,          3196,        72,    0.00000000
4000,        20,        0.1000,    1.18555412,    7.70000000,   29.80000000,    0.50000000,         0,       744,       864,          3256,        72,    0.00000000
4000,        20,        0.1000,    1.18569146,    0.15000000,    2.85000000,    0.50000000,       384,         0,       864,          3616,        72,    0.00000000
4000,        20,        0.1000,    1.19214049,    0.10000000,    2.25000000,    0.50000000,       410,         0,       864,          3590,        72,    0.00000000
4000,        20,        0.1000,    1.19583605,    8.65000000,   31.25000000,    0.50000000,         0,       864,       864,          3136,        72,    0.00000000
4000,        20,        0.1000,    1.20050052,    0.10000000,    1.90000000,    0.50000000,       435,         0,       864,          3565,        72,    0.00000000
4000,        20,        0.1000,    1.20498231,    0.00000000,    0.00000000,    0.50000000,       461,         0,       864,          3539,        72,    0.00000000
4000,        20,        0.1000,    1.21608550,    0.05000000,    0.85000000,    0.50000000,       487,         0,       864,          3513,        72,    0.00000000
4000,        20,        0.1000,    1.22260103,    0.00000000,    0.00000000,    0.50000000,       512,         0,       864,          3488,        72,    0.00000000
4000,        20,        0.1000,    1.23178290,    0.00000000,    0.00000000,    0.50000000,       538,         0,       864,          3462,        72,    0.00000000
4000,        20,        0.1000,    1.24110372,    0.00000000,    0.00000000,    0.50000000,       564,         0,       864,          3436,        72,    0.00000000
4000,        20,        0.1000,    1.25020006,    0.00000000,    0.00000000,    0.50000000,       589,         0,       864,          3411,        72,    0.00000000
4000,        20,        0.1000,    1.25980277,    0.00000000,    0.00000000,    0.50000000,       615,         0,       864,          3385,        72,    0.00000000
4000,        20,        0.1000,    1.26955415,    0.00000000,    0.00000000,    0.50000000,       641,         0,       864,          3359,        72,    0.00000000
4000,        20,        0.1000,    1.27907390,    0.00000000,    0.00000000,    0.50000000,       666,         0,       864,          3334,        72,    0.00000000
4000,        20,        0.1000,    1.28912708,    0.00000000,    0.00000000,    0.50000000,       692,         0,       864,          3308,        72,    0.00000000
4000,        20,        0.1000,    1.29894377,    0.00000000,    0.00000000,    0.50000000,       717,         0,       864,          3283,        72,    0.00000000
4000,        20,        0.1000,    1.30931298,    0.00000000,    0.00000000,    0.50000000,       743,         0,       864,          3257,        72,    0.00000000
4000,        20,        0.1000,    1.31984908,    0.00000000,    0.00000000,    0.50000000,       769,         0,       864,          3231,        72,    0.00000000
4000,        20,        0.1000,    1.33014111,    0.00000000,    0.00000000,    0.50000000,       794,         0,       864,          3206,        72,    0.00000000
4000,        20,        0.1000,    1.34101647,    0.00000000,    0.00000000,    0.50000000,       820,         0,       864,          3180,        72,    0.00000000
4000,        20,        0.1000,    1.35207114,    0.00000000,    0.00000000,    0.50000000,       846,         0,       864,          3154,        72,    0.00000000
4000,        20,        0.1000,    1.36287389,    0.00000000,    0.00000000,    0.50000000,       871,         0,       864,          3129,        72,    0.00000000
4000,        20,        0.1000,    1.37429339,    0.00000000,    0.00000000,    0.50000000,       897,         0,       864,          3103,        72,    0.00000000
4000,        20,        0.1000,    1.38590588,    0.00000000,    0.00000000,    0.50000000,       923,         0,       864,          3077,        72,    0.00000000
4000,        20,        0.1000,    1.39725832,    0.00000000,    0.00000000,    0.50000000,       948,         0,       864,          3052,        72,    0.00000000
4000,        20,        0.1000,    1.40926384,    0.00000000,    0.00000000,    0.50000000,       974,         0,       864,          3026,        72,    0.00000000
4000,        20,        0.1000,    1.42147746,    0.00000000,    0.00000000,    0.50000000,      1000,         0,       864,          3000,        72,    0.00000000